runs_dat/SET1/REP_1 1.36 0.01 0.01 0.01297377 0.9409789 0.0326543 0.01093152 0.05123765 43.68574 20.0802 91.37337 0.02375647 0.0001059023 0.3840111 1401.217 10.57278 9521.965 0.03303452 0.0001324451 0.5381616 1433.584 8.873071 7625.863 0.01855662 0.0002082694 0.3736715 941.9483 19.60071 4826.831
runs_dat/SET1/REP_10 1.5 0.01 0.01 0.01677135 0.7829668 0.02541342 0.009736582 0.03877046 48.9223 25.41979 102.5491 0.01522631 2.317501e-05 0.1875224 6571.077 6.869863 41201.7 0.03066973 0.0002680486 0.4885385 718.746 8.679806 3707.945 0.009980378 0.0001981108 0.1738838 1532.953 9.503405 4971.068
runs_dat/SET1/REP_2 1.13 0.01 0.01 0.0211211 0.5421806 0.0304691 0.0124344 0.04943357 39.09102 19.91801 81.60739 0.01857641 5.494612e-05 0.2822886 27341.18 5.744434 18383.35 0.02006702 0.0001209432 0.2645818 4959.724 13.68752 8359.391 0.003708863 0.0001012703 0.006625755 2574.239 149.3199 9878.305
runs_dat/SET1/REP_3 1.44 0.01 0.01 0.01923364 0.5584666 0.02493185 0.006774259 0.04435561 53.17604 21.94915 142.7533 0.01112763 0.0003198362 0.08092668 578.9335 14.17694 3017.66 0.01199366 1.712757e-05 0.1850209 9057.473 10.09136 57237.67 0.0113382 0.0001054484 0.09812619 1845.055 19.58484 9279.195
runs_dat/SET1/REP_5 1.11 0.01 0.01 0.01359852 0.5245812 1.715337 1.110854 2.210025 5.333877 1.872187 16.81592 0.4470729 0.3218997 0.9184959 4.520552 2.165413 8.467162 1.244492 1.017555 1.38082 2.797547 2.002251 3.679597 0.8456104 0.5704624 1.26737 5.073215 1.869524 8.163292
runs_dat/SET1/REP_6 1.5 0.01 0.01 0.02313418 0.7524981 0.9382671 0.6332034 1.369803 6.141952 2.707051 10.69145 0.9696012 0.9484408 0.9980513 7.302841 3.268273 9.53594 1.331973 1.02168 1.551996 5.047777 2.780738 6.955932 1.339463 1.01232 1.857159 5.745909 2.922483 10.27552
runs_dat/SET1/REP_7 1.21 0.01 0.01 0.0158876 0.8091313 1.228868 1.003423 1.590665 4.079411 2.121819 7.065712 1 1 1 2.521968 2.521968 2.521968 1 1 1 3.698645 3.698645 3.698645 1 1 1 1.898849 1.898849 1.898849
runs_dat/SET1/REP_8 1.09 0.01 0.01 0.01793904 0.7861189 1.131482 1.010022 1.267568 3.434835 2.450616 4.331193 0.9228924 0.8084337 0.9984339 2.883859 1.894914 3.520291 0.8063852 0.5656611 0.9934743 3.126876 2.639393 3.589337 0.9594273 0.9208833 0.9979714 1.825374 1.569652 2.081095
runs_dat/SET1/REP_9 1.16 0.01 0.01 0.01571465 0.8273583 1 1 1 2.097374 2.097374 2.097374 0.7377044 0.6239325 1.062034 4.156508 2.711556 7.399572 1.393057 1.053855 1.535532 5.915027 2.734478 11.64178 0.8595251 0.7822225 1.065808 7.069067 2.333225 12.31525
runs_dat/SET10/REP_1 1.2 1e-04 0.3 0.01201727 0.3351416 0.001537699 0.0004037309 0.002215145 14.13222 5.476215 35.10655 0.0006624045 3.461841e-05 0.001213135 68.11559 9.93178 399.4817 0.0009750195 3.013516e-05 0.001110821 91.61806 11.11023 459.5463 0.003387745 5.603665e-05 0.001194448 59.10948 10.78759 247.7951
runs_dat/SET10/REP_10 1 1e-04 0.3 0.004602638 0.5020571 0.002009421 0.0006784175 0.002688113 7.291408 3.4714 15.30412 0.00181796 7.768061e-06 0.0009189028 385.1556 10.87165 1304.075 0.001341267 7.670613e-06 0.0008327426 546.9072 12.69908 1330.917 0.0005539601 1.572332e-05 0.0007414113 124.6826 12.76412 651.1612
runs_dat/SET10/REP_2 1.45 1e-04 0.3 0.003030511 0.5162517 0.001705282 0.0005140495 0.002151493 10.29243 4.815072 22.93026 0.0006736007 5.855223e-06 0.0006662377 288.0639 15.2768 1787.174 0.001009391 0.0001404049 0.00134939 22.81097 7.064712 78.73231 0.0005821087 3.863873e-05 0.000996172 61.04644 9.78199 269.904
runs_dat/SET10/REP_3 1.31 1e-04 0.3 0.004446639 0.3935524 0.00231599 0.0009207581 0.002975424 9.04866 4.620253 17.21536 0.004309631 1.072596e-05 0.0007140459 229.005 20.03018 1386.567 0.001040297 9.851364e-05 0.001181305 42.83078 11.21136 150.5962 0.001771007 2.13479e-06 0.0003197757 1720.13 45.25442 7134.088
runs_dat/SET10/REP_4 1.32 1e-04 0.3 0.001830971 0.3130105 0.001797086 0.0005503226 0.002232955 9.444061 4.465528 20.13182 0.0008854163 1.686351e-05 0.0009875594 92.6382 9.50316 576.6263 0.0009322639 6.382076e-06 0.0005036418 292.9982 20.16399 1561.293 0.0003720611 3.998432e-06 0.000415723 401.2211 22.48094 2514.582
runs_dat/SET10/REP_5 1.07 1e-04 0.3 0.001935924 0.5255608 0.002992071 0.000576083 0.002598741 10.23879 4.596916 22.23502 0.0009692325 3.538763e-06 0.00057675 558.7444 20.22237 3103.601 0.0006855187 1.567665e-05 0.001019467 118.7064 11.50725 728.0899 0.001244581 1.388332e-05 0.0008991171 135.3367 13.03925 886.0918
runs_dat/SET10/REP_6 1.39 1e-04 0.3 0.005421507 0.5540052 0.002491436 0.0004563933 0.002047437 8.531336 3.927226 18.85333 0.02246205 3.631339e-05 0.2568571 46.71221 7.9516 242.4795 0.003431247 1.001894e-05 0.0005960276 135.528 13.27467 775.0608 0.005828162 7.42851e-06 0.0005117105 366.1255 15.72938 1115.707
runs_dat/SET10/REP_7 1.18 1e-04 0.3 0.003492943 0.4486041 0.002014507 0.0006174434 0.002486762 7.45029 3.736825 16.22677 0.0009144028 8.380928e-06 0.0006801055 259.5092 13.46089 1126.746 0.001144482 0.0001165958 0.001188512 24.18043 7.411843 79.43192 0.002794028 2.811368e-06 0.0003543452 549.5364 25.27428 3311.698
runs_dat/SET10/REP_8 1.44 1e-04 0.3 0.004035848 0.4686202 0.00571838 0.0007420389 0.002827619 10.72172 5.463623 21.98962 0.002171146 5.722718e-05 0.001122939 61.58915 12.65715 253.2095 0.001283794 0.0001021244 0.00142762 40.26601 9.963992 146.6105 0.001017328 5.207019e-05 0.001318012 56.38835 10.55591 281.055
runs_dat/SET10/REP_9 1.31 1e-04 0.3 0.008048349 0.5707072 0.002157828 0.0004590589 0.002503335 11.06692 5.018666 27.44649 0.0008316416 1.886115e-05 0.001128095 145.9513 10.69347 651.7148 0.004116645 0.0002521775 0.001871874 17.55853 6.695996 49.9305 0.002610987 3.596136e-05 0.001612761 61.12464 7.722252 352.4428
runs_dat/SET11/REP_1 5.88 1e-04 0.3 0.001411151 0.5410258 0.001301182 0.0007304096 0.001764424 10.98045 7.803173 16.84309 0.0007040952 1.221355e-05 0.0003475032 179.0702 26.93957 809.4942 0.0005666413 1.387794e-05 0.0004613456 119.6892 20.20546 668.3656 0.001491709 5.850297e-05 0.0004759359 57.82284 20.93309 171.696
runs_dat/SET11/REP_10 6.11 1e-04 0.3 0.001107066 0.29847 0.00460554 0.0006807426 0.002353832 13.05864 8.42915 21.57361 0.0004695445 1.633499e-06 0.0002053358 1274.825 49.69903 6479.336 0.0004416774 9.4231e-06 0.0003104023 260.0424 32.33472 1155.893 0.003199769 2.795565e-05 0.0004358601 93.26668 24.32223 399.5808
runs_dat/SET11/REP_2 5.05 1e-04 0.3 0.001482641 0.3438747 0.007386639 0.000795125 0.00222785 11.86912 7.87868 19.10905 0.00429663 3.110806e-05 0.0006177501 106.5174 22.47381 444.2852 0.007838782 4.23946e-06 0.0003928202 851.7291 35.56651 3073.191 0.002472296 1.351928e-05 0.0004646084 295.8934 28.53337 1007.383
runs_dat/SET11/REP_3 8.28 1e-04 0.3 0.001795552 0.250586 0.002785609 0.0009362193 0.002367203 16.00966 11.06893 24.53073 0.002435967 3.833875e-06 0.000279292 665.2833 55.21865 4023.947 0.001354156 2.036253e-06 0.0002051891 51481.78 70.8329 7673.007 0.000843327 1.30641e-05 0.000399297 251.5988 35.21069 1188.958
runs_dat/SET11/REP_4 5.31 1e-04 0.3 0.0009772744 0.3742502 0.003180808 0.001081312 0.002766909 9.359195 6.725414 14.02791 0.002611498 5.676225e-06 0.0002679348 337.6708 42.1829 1959.156 0.03533959 1.256123e-06 0.007132443 1516.809 65.37133 8467.011 0.000400186 3.363474e-05 0.0005726487 115.1495 19.26226 335.4128
runs_dat/SET11/REP_5 8.33 1e-04 0.3 0.001223908 0.3851985 0.004628217 0.0007899762 0.002312777 17.04857 10.37483 27.13246 0.0006828952 1.25762e-06 0.0001516806 4379.007 111.3572 14015.99 0.00517417 7.861304e-05 0.0005966179 78.88785 28.94633 232.4655 0.0005264527 1.216789e-06 0.0001544978 1990.155 108.0409 14249.84
runs_dat/SET11/REP_6 6.25 1e-04 0.3 0.001213716 0.1488616 0.004203031 0.0006741384 0.002714542 14.29804 8.729239 26.2607 0.0004631484 3.107534e-06 0.0003032943 614.0442 45.27981 4002.531 0.001077022 3.487853e-05 0.000595994 86.31892 20.63949 375.9406 0.0006487765 5.283765e-06 0.0004303272 376.1898 28.33346 2505.47
runs_dat/SET11/REP_7 5.32 1e-04 0.3 0.001599028 0.2161246 0.001982764 0.0009463693 0.002205903 10.01872 7.279187 14.72736 0.0002443147 2.622343e-06 0.0002727218 990.2754 39.329 4264.362 0.002112887 1.406028e-06 0.0001632962 1206.231 72.12964 7929.786 0.0004198626 9.457455e-06 0.0003678595 261.274 30.59233 1184.89
runs_dat/SET11/REP_8 6.59 1e-04 0.3 0.001097162 0.1748495 0.002143676 0.0004642395 0.001672003 15.24435 9.415826 26.76081 0.00163624 4.947812e-06 0.0003086277 498.5987 37.01499 2247.553 0.00097534 6.070004e-06 0.0002038305 337.7877 52.87044 1837.704 0.0002331844 1.331606e-06 0.0001771131 3871.324 62.09941 8265.965
runs_dat/SET11/REP_9 5.34 1e-04 0.3 0.0008852672 0.3044776 0.01292495 0.0008516919 0.002984391 11.16954 6.81394 21.12799 0.0006023716 3.564407e-05 0.0007467494 102.8267 17.05791 461.8073 0.001264522 3.062219e-05 0.0006506132 348.3949 18.98298 446.5732 0.00211149 0.0001666898 0.001000581 33.29862 12.61606 92.82084
runs_dat/SET12/REP_1 12.27 1e-04 0.3 0.0005574627 0.240974 0.003730641 0.0001688707 0.0005867484 45.23749 27.20962 80.33133 0.001291023 3.133121e-06 0.0001060012 752.9969 116.1215 3739.763 0.0004141664 8.972802e-07 0.0001188703 3295.725 101.5972 12794.26 0.006084133 1.608939e-06 0.004342092 1385.373 93.38467 7408.829
runs_dat/SET12/REP_10 16.37 1e-04 0.3 0.0004216174 0.3325724 0.009271781 0.0001853357 0.008845757 41.26771 23.69897 81.58521 0.004070668 7.432038e-07 0.000128809 6297.508 142.8013 24892.84 0.01879248 4.518622e-07 0.02444811 6748.687 193.2774 30084.71 0.0003779562 1.108148e-06 0.0001101238 2546.606 113.0533 10816.16
runs_dat/SET12/REP_2 18.8 1e-04 0.3 0.0004423868 0.3468031 0.0008568472 7.063441e-05 0.0003371369 77.77984 34.2272 178.3919 0.003422455 3.469782e-07 7.208793e-05 5200.868 209.2398 32491.65 0.004940069 9.481342e-07 7.586595e-05 2313.73 147.152 12187.11 0.001225468 4.933486e-07 5.502856e-05 3243.861 189.6046 23114.63
runs_dat/SET12/REP_3 11.98 1e-04 0.3 0.000437017 0.3357112 0.0009809191 0.0002039001 0.0006153832 28.46242 17.35831 49.31051 0.0009282241 1.623547e-06 0.0001476471 1017.573 62.52892 5142.304 0.007490606 1.879335e-05 0.0003761257 229.3639 27.98963 464.7219 0.003962255 3.180075e-06 0.0002122572 636.3337 41.28648 2725.371
runs_dat/SET12/REP_4 11.69 1e-04 0.3 0.0005524868 0.4378286 0.0008195793 0.0001481732 0.0004250352 62.21094 35.60487 114.4777 0.001014228 5.132891e-06 0.0001804709 724.0165 91.56579 3497.408 0.0003425813 1.09695e-05 0.0001584449 508.0283 104.4499 1736.699 0.004698172 2.094907e-05 0.0003027066 225.8825 61.43265 836.1166
runs_dat/SET12/REP_5 10.08 1e-04 0.3 0.002620235 0.3223501 0.001353495 0.000139448 0.0004589222 60.40617 30.57167 115.5621 0.000927202 5.099689e-06 0.0001665468 592.5395 86.45372 2961.747 0.007334067 9.038785e-07 6.902221e-05 3655.596 222.9516 16693.92 0.01368284 5.693427e-06 0.0001861555 625.3269 101.0012 2848.306
runs_dat/SET12/REP_6 13.89 1e-04 0.3 0.0008071568 0.4277632 0.0025555 0.0001080912 0.0004373129 69.52913 36.34843 137.735 0.06484559 1.843054e-06 0.6924219 3195.564 114.7749 13906.67 0.001351919 6.036961e-07 0.0001072236 7145.831 126.1669 22170.4 0.0008480468 2.503143e-06 9.662694e-05 1181.334 137.1023 5670.533
runs_dat/SET12/REP_7 14.17 1e-04 0.3 0.0005999211 0.2896894 0.04212952 5.979529e-05 0.7132418 139.1862 49.92439 408.7916 0.002982422 1.766729e-05 0.0002261286 316.177 77.40101 1113.624 0.004315114 1.624596e-05 0.002042986 257.5792 56.93184 1123.056 0.007079215 3.662713e-05 0.04576941 194.5133 61.61377 597.5512
runs_dat/SET12/REP_8 16.25 1e-04 0.3 0.0002264057 0.1413035 0.0007696035 9.284992e-05 0.0005310477 64.57263 28.96405 147.4129 0.0007169688 6.686379e-07 0.0001018934 2935.498 123.668 19604.97 0.006858814 1.373184e-06 0.007877244 2787.483 81.27128 9392.157 0.0004539795 1.951715e-06 0.000115699 1239.532 109.5056 6891.68
runs_dat/SET12/REP_9 16.29 1e-04 0.3 0.0003788063 0.4790253 0.003442523 0.0001469454 0.0004202007 51.09368 29.88863 91.07006 0.0005991762 2.462876e-06 0.0001106989 923.9772 110.0435 5069.165 0.03865236 3.303367e-06 0.004541095 731.0946 83.39683 3701.077 0.0009036851 8.42995e-07 7.942492e-05 2447.791 153.943 14902.44
runs_dat/SET2/REP_1 5.37 0.01 0.01 0.01072204 0.9726494 0.05480861 0.01190053 0.5466572 49.66017 10.42353 86.14167 0.01400388 6.657795e-05 0.2267452 3089.307 32.59385 15052.97 0.01609621 0.0005115419 0.192091 498.1782 18.59884 1976.999 0.04767057 5.479336e-05 0.6134532 3214.582 17.43321 18482.71
runs_dat/SET2/REP_10 9.09 0.01 0.01 0.01023766 0.9713312 0.02589303 0.003862377 0.07697332 98.04071 18.75076 282.726 0.06553805 7.4e-05 1.114813 2631.477 10.4471 13895.49 0.03429312 8.353286e-05 0.5585804 2047.65 13.46563 12531.82 0.02442322 2.466424e-05 0.3737942 7983.227 10.62379 42022.28
runs_dat/SET2/REP_2 7.24 0.01 0.01 0.01323121 0.9379954 0.02854954 0.008851947 0.1546345 60.39574 14.0131 119.9736 0.04742202 0.0001233119 0.7462387 1885.202 15.63206 8491.214 0.02463494 2.375803e-05 0.3662382 46581.42 29.39663 44712 0.02458765 9.306438e-05 0.3636496 4459.848 26.95213 11517.23
runs_dat/SET2/REP_3 8.5 0.01 0.01 0.01140098 0.9580123 0.02757963 0.01516368 0.03796084 45.43536 29.41786 68.55598 0.1077058 2.098379e-05 1.007748 6218.746 13.79587 47583.61 0.0197248 1.152985e-05 0.2867143 22322.39 29.69033 87143.68 0.03859744 7.260093e-05 0.5305794 2913.795 18.98592 13954.43
runs_dat/SET2/REP_6 5.11 0.01 0.01 0.01406651 0.8530767 1.291835 1.014592 1.569078 7.267947 5.918953 8.61694 1.481628 1.123957 1.594498 8.896689 6.029953 10.33132 1.22039 1.001665 1.483155 6.951162 5.567699 8.144526 1.307953 1.016688 1.577276 5.50253 5.282673 5.840317
runs_dat/SET2/REP_7 5.02 0.01 0.01 0.01291528 0.7802423 0.7201144 0.4934503 0.9838264 6.555852 6.055779 6.889567 0.750788 0.5623142 1.284636 6.270727 5.091078 11.50818 1.157656 1.005787 1.345149 8.820851 5.415616 13.31721 1 1 1 7.816948 7.816948 7.816948
runs_dat/SET2/REP_9 5.24 0.01 0.01 0.01271209 0.8646414 0.9987156 0.9974954 0.9999358 7.937203 6.969281 8.905124 1.577553 1.028878 2.126228 5.944304 5.656215 6.232394 1.149458 1.007473 1.291443 7.827441 6.040795 9.614086 0.6657957 0.5840419 0.9632759 9.538053 6.832564 19.67582
runs_dat/SET3/REP_1 13.26 0.01 0.01 0.01064156 0.9854525 0.07239056 0.01030266 0.5514319 70.69333 24.20652 98.29167 0.01473842 5.801258e-06 0.2179074 26113.14 73.35271 171249 0.03768937 0.001310746 0.6010496 368.8206 20.37699 780.1148 0.02368898 3.280964e-05 0.312084 5697.852 22.34202 30579.12
runs_dat/SET3/REP_10 10.84 0.01 0.01 0.01201957 0.8640814 0.03289272 0.005707071 0.4460102 104.6038 19.54489 171.3208 0.009684703 2.32225e-05 0.1159447 8363.495 75.24771 41749.95 0.02337559 1.664067e-05 0.3303381 12684.96 29.86752 58577.8 0.05150358 2.953816e-05 0.6444533 5403.758 21.50499 32866.88
runs_dat/SET3/REP_2 14.09 0.01 0.01 0.01146054 0.9632014 0.04756825 0.008617017 0.424732 86.21704 32.83593 117.7533 0.09631175 1.003799e-05 1.046076 43652.92 28.88329 100903 0.03583762 2.818307e-05 0.4939081 6680.009 43.83787 35540.52 0.02993454 5.644779e-05 0.3619085 4522.476 33.07164 18127.5
runs_dat/SET3/REP_3 14.56 0.01 0.01 0.009995296 0.9949556 0.02580815 0.009004835 0.3125038 90.56193 20.54898 119.3379 0.03042681 7.381295e-06 0.4795041 96983.57 41.48892 144410.7 0.09697741 4.323459e-05 0.8560705 5474.472 20.38619 24090.64 0.04713837 3.282651e-06 0.9000803 50335.35 36.79688 320661.6
runs_dat/SET3/REP_4 16.79 0.01 0.01 0.01089395 0.9766681 1.101318 1.005066 1.197571 19.943 18.12453 21.76147 1 1 1 16.99666 16.99666 16.99666 1 1 1 17.06975 17.06975 17.06975 1.856163 1.072287 2.45701 18.61773 17.12623 20.39362
runs_dat/SET3/REP_7 11.69 0.01 0.01 0.01145238 0.9017584 0.8798985 0.7486873 1.187892 17.10488 13.44931 30.97505 0.7697727 0.6097307 0.9717526 14.41159 12.25966 16.27347 1.219286 1.016321 1.331196 13.74528 11.90756 16.55089 0.9150883 0.8054518 1.045635 13.68724 11.77395 16.59934
runs_dat/SET3/REP_8 11.42 0.01 0.01 0.01110417 0.9596664 0.7169323 0.6070009 0.9412181 13.24497 11.97278 14.2597 0.9927289 0.9876139 0.9995369 12.46321 12.27486 12.77866 1 1 1 11.95857 11.95857 11.95857 1 1 1 12.80396 12.80396 12.80396
runs_dat/SET3/REP_9 17.42 0.01 0.01 0.01027416 0.9874911 1 1 1 17.94529 17.94529 17.94529 0.8247813 0.7227101 0.9914242 21.27746 17.69461 31.13032 0.7709937 0.5793809 0.9871084 17.65572 17.53848 17.71909 1.179096 1.000585 1.499903 18.27692 17.515 19.03767
runs_dat/SET4/REP_1 1.22 0.01 0.3 0.3758104 0.4823162 0.06173832 0.02628425 0.1389236 21.93741 10.80068 41.85753 0.02110228 0.0006421321 0.2475453 315.5565 7.047538 1673.422 0.008272447 0.0001532685 0.02761015 1273.689 38.25838 6837.289 0.0120102 0.0001106759 0.1544236 1718.634 16.11367 9409.283
runs_dat/SET4/REP_10 1.49 0.01 0.3 0.2933617 0.3179967 0.06873732 0.03150924 0.110463 14.31933 7.626919 27.50492 0.02727904 0.0001846839 0.4635331 959.0942 4.510365 4630.124 0.005803508 7.423742e-05 0.03468122 1788.442 35.97726 11038.03 0.005932008 3.264632e-05 0.01287856 5522.124 114.0208 25086.85
runs_dat/SET4/REP_2 1.44 0.01 0.3 0.4816708 0.4168689 0.06883345 0.03531429 0.1076009 18.83549 10.35599 33.7052 0.011842 0.0001157441 0.09971166 1529.932 19.92382 9706.728 0.01121575 0.0003168182 0.03321689 609.989 31.09849 3562.712 0.008234839 0.0002507793 0.0479853 954.707 33.9765 4411.498
runs_dat/SET4/REP_3 1.29 0.01 0.3 0.308359 0.3106023 0.05861039 0.026744 0.09387012 25.62229 12.88905 49.72299 0.02165131 0.0003726856 0.1921207 842.5181 19.78936 3521.854 0.02706345 7.561685e-05 0.4506596 2859.347 5.040039 16732.86 0.0242701 0.001220319 0.3532093 555.9361 13.1573 1041.108
runs_dat/SET4/REP_6 1.18 0.01 0.3 0.1831424 0.487879 0.861275 0.7294863 0.9930638 2.884291 1.765189 4.003394 0.4898081 0.3348464 0.9755096 6.676847 2.890924 15.25029 0.485364 0.3009805 0.9547707 5.852181 2.671704 7.545678 0.7834874 0.5169053 0.9925574 3.981398 2.575674 5.812036
runs_dat/SET4/REP_7 1.46 0.01 0.3 0.4877563 0.518712 1.18442 1.013442 1.283638 2.378014 2.130978 2.814021 0.7962786 0.6469904 1.058307 5.762192 3.167595 9.567768 0.8613962 0.7208509 0.998134 2.72596 2.627842 2.942069 1 1 1 5.521249 5.521249 5.521249
runs_dat/SET4/REP_9 1.41 0.01 0.3 0.2895605 0.2988903 0.8217449 0.7101771 0.9878775 3.779422 2.306062 5.114013 1.097245 1.004862 1.189627 2.486846 2.008739 2.964952 1.316736 1.015837 1.617635 3.692374 2.91549 4.469258 1.138037 1.000312 1.518731 7.432272 3.214277 15.41025
runs_dat/SET5/REP_1 6.09 0.01 0.3 0.08739593 0.4022614 0.1002675 0.0284249 0.6361155 18.9201 7.58207 36.82103 0.04421388 8.256484e-05 0.4385719 7263.35 13.48531 12207.14 0.06405361 0.0003809229 0.690066 536.6606 14.45742 2458.559 0.04110722 0.000583607 0.4761012 356.3299 11.50261 1769.086
runs_dat/SET5/REP_10 8.06 0.01 0.3 0.1351804 0.293741 0.0671594 0.03659812 0.1081594 23.9737 14.08649 38.32876 0.03895588 3.989887e-05 0.5598005 5045.646 19.28442 31499.37 0.02179449 2.654562e-05 0.3057342 9665.155 15.89461 48724.73 0.02389827 0.0005594692 0.2542628 590.442 17.45114 2242.865
runs_dat/SET5/REP_2 7.38 0.01 0.3 0.1376717 0.3290624 0.06992839 0.04557142 0.09961299 20.38551 14.57387 28.79873 0.05508401 7.539087e-05 0.7557601 2902.824 36.12018 15296.94 0.02150998 8.792826e-06 0.3039465 18188.54 22.79071 127965 0.04687597 9.940872e-05 0.5515681 2458.422 14.455 12342.37
runs_dat/SET5/REP_3 6.33 0.01 0.3 0.1136814 0.278586 0.09909655 0.0326563 0.54735 18.60506 9.063978 34.69302 0.04223227 8.365943e-05 0.5324114 2106.968 9.062309 12906.7 0.046422 0.0002894381 0.6288784 581.0621 9.268468 3813.031 0.106902 2.595228e-05 1.441477 7596.029 9.988812 41442.44
runs_dat/SET5/REP_4 6.8 0.01 0.3 0.1427157 0.3364839 1 1 1 7.101481 7.101481 7.101481 1.047022 0.899269 1.193696 9.543543 7.703157 11.54441 1 1 1 6.818775 6.818775 6.818775 1 1 1 7.291311 7.291311 7.291311
runs_dat/SET5/REP_7 5.79 0.01 0.3 0.116517 0.1446374 0.8233275 0.6554885 0.9911664 7.815364 6.533733 9.096994 0.7863038 0.7121819 0.9809265 6.028578 5.813662 6.731312 0.6478804 0.560908 0.9427229 5.912512 5.803493 6.207463 1.378949 1.027341 1.587872 9.416126 6.147762 12.12549
runs_dat/SET5/REP_8 9.09 0.01 0.3 0.1280488 0.1421356 0.7129443 0.5265301 0.9808534 15.60884 10.72342 24.2744 0.5715177 0.4302332 0.9822842 9.373453 9.264304 9.607609 0.9262055 0.8722363 0.9954139 9.373023 9.175195 9.50762 1 1 1 9.443099 9.443099 9.443099
runs_dat/SET6/REP_1 15.01 0.01 0.3 0.04369604 0.3066542 0.03653063 0.009237824 0.3081628 106.268 22.06262 187.7633 0.01882444 3.126766e-05 0.2251781 8756.779 33.64801 52688.11 0.02323911 6.999613e-06 0.3347912 55249.42 32.77525 246196.7 0.04321367 9.492967e-06 0.532165 27871.56 20.90315 165262.5
runs_dat/SET6/REP_10 11.89 0.01 0.3 0.09898059 0.3297773 0.02807153 0.01203572 0.1992901 75.84641 21.68901 119.7116 0.02131269 1.167857e-05 0.4139546 23376.87 51.22378 111440.5 0.04714757 1.070827e-05 0.4586816 22963.07 34.17081 126713.6 0.09814905 0.0007690267 1.023114 533.5892 16.18817 1720.923
runs_dat/SET6/REP_2 13 0.01 0.3 0.04305563 0.2346514 0.03429221 0.01047777 0.3319988 78.44745 35.70413 127.1162 0.03225004 3.096002e-06 0.4080879 614889.8 45.55657 420602.5 0.05996748 4.135507e-06 0.580832 49505.87 40.93308 303259.5 0.1339235 3.823814e-06 1.618087 77070.65 25.13876 337557.7
runs_dat/SET6/REP_3 18.27 0.01 0.3 0.03920393 0.4109125 0.09762373 0.007738025 0.6719212 90.76394 23.84541 159.8927 0.0613717 0.0004453298 0.4922515 660.1839 30.97573 2720.571 0.1216767 7.524566e-05 1.41333 4389.698 34.19144 15888.33 0.07406565 4.653823e-05 0.7377485 3599.812 33.23063 25685.93
runs_dat/SET6/REP_6 11.01 0.01 0.3 0.03004898 0.3780438 1.418077 1.074751 1.606577 14.4426 12.21428 18.02848 0.7893285 0.6836879 0.9842166 12.20769 12.01636 12.41513 1.267074 1.022798 1.46526 12.68515 11.33125 14.59986 0.9142651 0.8280247 0.9958391 13.26664 11.20261 17.87745
runs_dat/SET6/REP_7 12.01 0.01 0.3 0.05950704 0.1514434 1.684243 1.048938 2.069209 21.42358 12.17113 37.13386 0.8006697 0.5758658 0.9920024 12.97585 12.6065 13.61373 0.7821084 0.6727214 0.96816 19.05392 12.93803 23.02917 0.8547728 0.7821592 0.989108 15.51337 13.49344 18.6532
runs_dat/SET6/REP_8 15.71 0.01 0.3 0.03912684 0.4061058 1 1 1 17.13442 17.13442 17.13442 1 1 1 18.02071 18.02071 18.02071 1 1 1 17.01023 17.01023 17.01023 0.5915854 0.482223 0.9415986 35.65789 18.31394 53.36398
runs_dat/SET6/REP_9 13.23 0.01 0.3 0.02338849 0.3731705 1.322426 1.024182 1.483639 27.82048 13.85553 44.609 0.7918701 0.6816692 0.9847311 18.0584 13.85464 23.00375 0.945911 0.8945264 0.9972955 19.81679 14.63616 24.99742 1.122596 1.00613 1.239063 17.85385 14.30073 21.40696
runs_dat/SET7/REP_1 1.42 1e-04 0.01 0.0001745858 0.7512939 0.002689558 0.0001672249 0.001313389 21.2139 7.344137 57.94297 0.001603131 8.07306e-06 0.0007518561 299.021 12.20043 1122.941 0.000670506 1.237158e-05 0.0005553461 147.6263 15.74046 758.005 0.0399383 1.960357e-05 0.5020538 183.4225 14.83221 1218.777
runs_dat/SET7/REP_10 1.18 1e-04 0.01 0.0003323124 0.6983984 0.001263605 0.0003295812 0.001826239 9.349242 3.97426 22.95701 0.0006408976 2.682566e-06 0.0004248459 1069.117 15.73496 2607.718 0.0007096733 1.810728e-05 0.0009461495 83.74421 7.669787 411.8695 0.000354345 2.912756e-06 0.0003966912 363.1316 17.37809 2418.773
runs_dat/SET7/REP_2 1.47 1e-04 0.01 0.0001900805 0.6375181 0.002134112 0.0005053742 0.002038263 13.08374 6.660518 26.45737 0.000744082 3.942173e-05 0.0009715354 67.39714 12.80316 326.0852 0.0003761794 1.053261e-05 0.0004804424 227.1697 25.23289 1226.125 0.0003440122 6.107666e-06 0.0005256059 298.072 23.18419 2095.665
runs_dat/SET7/REP_3 1.1 1e-04 0.01 0.0002628601 0.4786031 0.002231756 0.0009424816 0.003830332 6.789418 2.719011 14.64745 0.0005101853 2.146115e-05 0.00126865 108.1708 8.970865 627.018 0.003449787 2.200005e-05 0.001366724 122.5334 8.83038 558.0033 0.002285806 9.846831e-05 0.001711055 34.9779 6.749368 142.4697
runs_dat/SET7/REP_4 1.35 1e-04 0.01 0.0001766534 0.8554236 0.00320543 0.001268088 0.003728288 5.309211 3.162282 9.356572 0.0005998002 7.01612e-06 0.0008441549 309.286 13.24073 1674.319 0.0006978919 3.192404e-05 0.001085659 93.87705 10.02992 352.9697 0.001472084 2.654004e-05 0.001056863 75.44558 10.66064 411.4809
runs_dat/SET7/REP_5 1.27 1e-04 0.01 0.0001420967 0.7333844 0.001761027 0.0004817019 0.002255146 12.98703 5.947902 29.09604 0.003803009 1.085233e-05 0.0007443159 275.9777 17.52244 1263.469 0.0007288326 1.756499e-05 0.001180131 127.2975 11.205 723.2163 0.0008269574 4.476703e-05 0.000946664 69.24758 13.3245 308.3247
runs_dat/SET7/REP_6 1.28 1e-04 0.01 0.0001316644 0.6741729 0.002233568 0.0005547612 0.002412427 12.37716 5.874168 25.98526 0.0007494277 8.336854e-05 0.001197803 42.48943 11.28232 170.0567 0.000706138 4.281511e-05 0.001005992 67.67547 13.33728 326.2188 0.001183252 3.700345e-05 0.0009223762 78.52252 14.85134 364.128
runs_dat/SET7/REP_7 1.3 1e-04 0.01 0.0001699797 0.6586051 0.001576295 0.0002285745 0.001741958 20.09096 6.976871 57.76768 0.0007932845 0.0001305913 0.001313266 30.15689 9.093837 98.42855 0.001034452 2.3012e-05 0.0009885429 110.3586 12.34322 551.8723 0.003053779 1.039257e-05 0.0008619487 212.9399 14.90143 1259.781
runs_dat/SET7/REP_8 1.39 1e-04 0.01 0.000310232 0.4537932 0.002397496 0.0005556091 0.002801786 9.4748 3.703956 21.37235 0.001073246 1.936784e-05 0.0009235044 100.3141 10.94132 600.458 0.003715634 1.679808e-05 0.02774987 143.4421 14.81381 783.4116 0.001127278 1.646821e-05 0.001244891 102.7192 7.851303 670.6267
runs_dat/SET7/REP_9 1.35 1e-04 0.01 0.000117261 0.7827116 0.002216368 0.0008968988 0.002570777 8.072723 4.674785 14.25359 0.0004310833 6.713301e-06 0.0005599088 291.2856 20.71364 1693.344 0.001554608 0.0001004936 0.001092424 34.94969 10.66971 119.4026 0.001013121 3.486967e-05 0.0009588257 94.15928 12.52746 341.7985
runs_dat/SET8/REP_1 7.83 1e-04 0.01 0.0001116516 0.9792301 0.001205238 0.0006529863 0.001417494 15.36257 11.23699 22.15167 0.008603847 1.080999e-05 0.02196799 256.0018 38.57982 1162.663 0.0004077402 3.462431e-06 0.0002483201 610.3843 49.14708 3536.191 0.0008651784 1.102601e-05 0.0003372057 523.7307 37.75593 1086.033
runs_dat/SET8/REP_10 9.09 1e-04 0.01 8.828497e-05 0.9175224 0.009081429 0.0008115764 0.002012379 12.63959 9.64335 18.03202 0.001209209 4.088026e-07 0.0001667041 54041.41 58.2622 22297.16 0.001143299 3.138996e-06 0.0002456531 546.0225 35.13012 2809.8 0.04403888 4.049944e-06 0.07101284 1044.646 41.65327 2506.145
runs_dat/SET8/REP_2 8.64 1e-04 0.01 0.0001108656 0.8491729 0.001695357 0.0005399578 0.001751386 13.59824 9.095314 22.91322 0.008471872 2.573403e-05 0.0004358721 158.5962 26.5813 454.303 0.0005507314 9.652993e-06 0.0003514914 220.0648 30.95116 1118.018 0.0009427879 7.739591e-06 0.0002646442 283.4771 43.63039 1512.661
runs_dat/SET8/REP_3 5.33 1e-04 0.01 0.0001294192 0.8922671 0.002306781 0.0008496198 0.002013462 11.19466 7.814123 16.83556 0.002476453 1.427953e-05 0.000403076 210.8045 29.44477 737.6046 0.009201161 7.178167e-06 0.0004586167 239.3015 28.47181 1575.527 0.001867977 2.871807e-06 0.0002228611 645.0283 48.47613 3591.808
runs_dat/SET8/REP_4 5.09 1e-04 0.01 0.0001261003 0.8851508 0.009379963 0.000688201 0.002198636 12.2174 7.850696 20.49151 0.001435659 1.673656e-06 0.0001748024 1011.8 58.7382 6164.898 0.02191169 2.556126e-06 0.004277097 1028.487 43.09465 3876.494 0.02425367 1.304976e-06 0.1051 3102.649 74.37021 8629.066
runs_dat/SET8/REP_5 6.33 1e-04 0.01 0.0001083501 0.900477 0.00271703 0.0007247148 0.001890947 12.7597 8.780923 20.45453 0.0005996873 1.701847e-06 0.0001910627 1491.751 68.94048 7817.472 0.002987315 1.593432e-06 0.0002469003 1353.319 52.16438 8232.134 0.01156247 1.651244e-06 0.000292258 1136.622 53.70629 7965.057
runs_dat/SET8/REP_6 6.8 1e-04 0.01 0.0001470508 0.87657 0.002989895 0.0007728446 0.001978611 13.68496 9.517192 21.65063 0.0008104061 3.936866e-06 0.0002749293 553.9752 42.18737 3111.549 0.001617901 4.49329e-05 0.000550682 71.65052 22.04497 271.9042 0.0002301532 1.410917e-06 0.0002320437 4146.001 52.1196 8815.792
runs_dat/SET8/REP_7 9.09 1e-04 0.01 0.000123188 0.951112 0.001399479 0.0002904965 0.001802523 13.46883 9.232518 26.03724 0.00968897 2.278874e-06 0.01971409 457.6735 30.38895 2651.605 0.000701339 1.122477e-05 0.0003120186 128.0558 19.52149 553.2724 0.000390761 2.505756e-06 0.0002276342 410.7755 28.4541 2436.354
runs_dat/SET8/REP_8 5.41 1e-04 0.01 0.0001308318 0.8499915 0.002463979 0.0005788733 0.001581648 12.09568 7.595879 20.7504 0.002023524 2.944278e-06 0.0003425218 550.8327 33.30325 3701.405 0.0004878683 1.026684e-05 0.0004036048 214.3474 27.01072 1092.593 0.0009483984 2.987045e-06 0.0002547987 675.3885 42.6777 3887.617
runs_dat/SET8/REP_9 5.05 1e-04 0.01 0.0001603349 0.6928266 0.001838188 0.0009056179 0.002760836 9.514488 6.389303 15.73898 0.003665825 3.4091e-05 0.0006256928 95.53634 21.17999 374.0327 0.0003316389 2.551039e-05 0.0004491637 120.0671 27.83036 490.939 0.002373889 1.119222e-05 0.0003994861 266.7381 31.70123 1114.938
runs_dat/SET9/REP_1 10.31 1e-04 0.01 0.000104446 0.9591777 0.01396488 0.0001246445 0.1165095 57.11022 23.60931 129.6686 0.001164098 2.423956e-05 0.000313105 165.6873 37.00221 562.4094 0.0004462191 1.341738e-06 0.0001459728 2071.243 81.47844 10237.58 0.0002977631 9.668119e-07 0.0001123166 2401.582 105.5579 13459.62
runs_dat/SET9/REP_10 20 1e-04 0.01 0.0001083508 0.9702856 0.003638746 7.02043e-05 0.0003951578 104.6455 38.00488 189.2486 0.0009803605 3.100075e-06 0.0001113814 1108.66 108.8799 3987.115 0.01191572 1.847546e-06 0.0001293234 2048.618 106.8324 6749.267 0.001619214 7.570993e-07 7.14546e-05 2595.441 169.542 16333.8
runs_dat/SET9/REP_2 14.84 1e-04 0.01 0.0001080757 0.9801057 0.01293909 0.0001169786 0.0004054442 58.75832 33.76622 114.1905 0.001309174 9.232442e-06 0.0001743942 380.8875 61.06376 1188.111 0.01445054 4.482716e-06 0.0001995015 1389.65 73.51922 2407.761 0.0006619481 2.155001e-06 9.686565e-05 861.2365 106.4467 4966.305
runs_dat/SET9/REP_3 19.47 1e-04 0.01 0.0001045952 0.9931643 0.001612852 0.0001178628 0.0003215539 57.3492 36.57272 95.53801 0.0005232836 4.563283e-07 4.277678e-05 5689.113 240.2681 22340.95 0.01336282 4.687355e-07 0.000135806 4176.716 148.9342 22794.76 0.001396341 5.377481e-07 4.765832e-05 3186.758 228.6023 19823.62
runs_dat/SET9/REP_4 11.58 1e-04 0.01 0.0001059114 0.9847699 0.03218919 7.292079e-05 0.000421912 71.46891 28.75323 167.9648 0.01251951 4.525223e-06 0.02076624 540.7185 62.26188 2688.569 0.001714203 2.531295e-06 0.0001065401 918.6689 109.2902 4659.119 0.002029107 2.694549e-06 0.0001680681 792.8496 74.53654 4457.573
runs_dat/SET9/REP_5 11.04 1e-04 0.01 0.0001078707 0.9704194 0.001435017 0.0001183587 0.0003394755 50.77249 29.45437 93.18811 0.0004253732 1.945418e-06 0.0001483606 2227.929 69.07218 5349.67 0.002641124 7.771203e-07 0.0001082248 2321.954 109.3245 14348.71 0.0005072225 1.376031e-06 8.411526e-05 1798.719 127.2136 7831.094
runs_dat/SET9/REP_6 12.39 1e-04 0.01 0.0001130989 0.9858023 0.002150387 0.0001504638 0.0005011735 37.1143 19.86487 77.83774 0.002559632 7.237718e-07 0.0001158937 2551.08 108.529 15397.86 0.001522763 1.060503e-06 0.0001022392 2174.339 96.15648 10191.39 0.002243285 6.582688e-07 6.967763e-05 3900.672 139.2296 16155.2
runs_dat/SET9/REP_7 16.35 1e-04 0.01 0.0001026615 0.9962517 0.000422322 6.067051e-05 0.0002628231 96.78359 38.68975 179.3222 0.002926788 1.468022e-06 0.0001427835 1243.874 76.40936 6949.355 0.003038428 2.575177e-06 0.0001265836 825.9116 84.53803 3909.645 0.008096706 8.750619e-07 8.287437e-05 2054.03 129.0797 11131.79
runs_dat/SET9/REP_8 12.39 1e-04 0.01 0.0001055866 0.9922713 0.0004405405 0.000130509 0.0004092281 57.60029 30.67626 108.6224 0.0132242 1.7582e-06 0.1810602 1362.553 123.2977 8109.53 0.01443813 4.173009e-07 0.01077238 6696.55 179.2929 32639.85 0.0003409722 4.542096e-07 0.0001177912 4210.309 96.12232 26882.61
runs_dat/SET9/REP_9 18.89 1e-04 0.01 9.972257e-05 0.9873717 0.02869921 0.0001596293 0.06060604 34.53363 21.44116 64.4369 0.002403424 1.075829e-06 8.085164e-05 1594.554 117.9825 8349.994 0.001616368 1.49271e-07 3.562511e-05 14959.21 259.4586 61111.14 0.0006525369 6.709967e-07 9.332577e-05 2575.67 98.96086 13551.02
