runs_dat/SET1/REP_1 1.23 0.01 0.01 0.02507496 0.7298487 0.03728066 0.007846961 0.07103006 49.14599 14.15872 123.5919 0.01966638 0.0001251093 0.3711808 1797.412 11.17515 7791.949 0.01134967 0.0001351444 0.1556789 1182.526 11.88017 7190.601 0.03098523 8.930556e-05 0.472706 2548.254 7.37154 11035.83
runs_dat/SET1/REP_10 1.39 0.01 0.01 0.02112395 0.623098 0.05875587 0.03360432 0.08692628 18.22407 11.89071 29.41078 0.008537091 8.534754e-05 0.00812564 2081.067 119.2083 11278.82 0.006024201 7.390076e-05 0.01030986 2256.961 113.6747 13026.3 0.01528936 0.000223222 0.2327373 761.7858 9.360075 4352.82
runs_dat/SET1/REP_2 1.07 0.01 0.01 0.01316215 0.8502744 0.05155493 0.02359655 0.08751814 23.37533 12.04748 44.61611 0.003173443 8.465997e-05 0.006076061 1985.183 166.4143 12251.14 0.02885813 0.0006030703 0.3396798 1477.665 16.27411 1723.372 0.00588022 9.023718e-05 0.007843084 3455.997 128.2501 11441.91
runs_dat/SET1/REP_3 1.26 0.01 0.01 0.01246037 0.7858857 0.03175688 0.005453704 0.06340748 49.80711 14.88967 168.3943 0.03507372 0.0001954932 0.6850121 803.3362 5.25938 4737.953 0.02434826 0.0002500874 0.4091924 657.6291 5.716069 3681.723 0.005159277 0.0001096184 0.01275957 3990.537 72.42881 8318.374
runs_dat/SET1/REP_4 1.14 0.01 0.01 0.02945576 0.5451413 0.05352753 0.02799644 0.08076326 20.87362 12.74566 35.46214 0.02010957 9.703992e-05 0.393702 1864.942 9.188881 10031.05 0.008030669 9.13509e-05 0.02920339 2148.039 37.52537 10655.08 0.02195709 3.159544e-05 0.3798976 7219.846 16.70621 30841.32
runs_dat/SET10/REP_1 1.42 1e-04 0.3 0.00652427 0.4164828 7501 376 14626 7467.245 375 14574 7501 376 14626 7497.775 376 14621 7501 376 14626 7497.814 376 14622 7501 376 14626 7496.011 376 14619
runs_dat/SET10/REP_10 1.13 1e-04 0.3 0.006487577 0.4984722 6993.524 357 13571 7483.43 376 14593 7354.46 358 14270 7496.472 375 14620 7334.193 342 14259 7494.195 375 14617 7181.374 347 13936 7491.033 374 14611
runs_dat/SET10/REP_2 1.11 1e-04 0.3 0.004606394 0.4609656 0.006638126 0.001607941 0.006110519 5.326966 2.77863 9.965095 0.001043266 4.056166e-05 0.00114319 87.08969 11.32389 349.6857 0.002639094 0.0002391775 0.001888195 20.882 6.968585 58.75878 0.001916511 0.0001258352 0.001349625 30.07815 9.376511 112.992
runs_dat/SET10/REP_3 1.36 1e-04 0.3 0.003321322 0.4941371 0.004593515 0.001867774 0.005258868 3.84781 2.296099 6.696744 0.0007287295 1.607976e-05 0.0009547755 118.2697 11.28575 726.3209 0.00181795 2.436418e-05 0.0009602965 87.04603 11.47598 466.0375 0.0003778806 5.341251e-06 0.000791018 321.9389 13.18145 1990.875
runs_dat/SET10/REP_4 1.24 1e-04 0.3 0.006241 0.4139388 0.004971394 0.001772645 0.00881036 3.859483 1.788028 10.13092 0.002084645 1.475623e-05 0.000873376 200.5243 16.93973 1104.899 0.001704004 6.423836e-06 0.0008046406 431.3834 19.15724 2633.868 0.02743539 4.662234e-05 0.08894801 68.41572 9.547974 371.202
runs_dat/SET10/REP_5 1.28 1e-04 0.3 0.003606718 0.4114513 0.002961928 0.001306522 0.003933896 5.8918 3.265277 10.40399 0.0007845616 7.835639e-06 0.0006155806 275.4524 18.21963 1551.25 0.001003544 1.233618e-05 0.0006755346 204.23 16.88148 1006.563 0.001622215 3.479981e-06 0.0006484509 696.0173 17.91489 3456.781
runs_dat/SET10/REP_6 1.22 1e-04 0.3 0.006000149 0.391793 0.003555189 0.001888578 0.004869019 4.298761 2.744777 7.018016 0.0007974729 1.609192e-05 0.0009848476 114.6241 11.68927 705.4557 0.0009591869 0.0001074478 0.001382973 30.04056 8.432309 107.8055 0.001448417 0.0001388414 0.00186196 21.18707 6.191183 85.63302
runs_dat/SET10/REP_7 1.44 1e-04 0.3 0.007943566 0.4402921 0.003172196 0.001032019 0.003652388 7.292966 3.951168 14.21393 0.001560285 1.439237e-05 0.0009162338 148.5518 14.7847 962.5441 0.0008340467 6.195632e-06 0.0005689943 333.5017 23.16519 2143.422 0.001125751 6.019509e-05 0.001200917 60.98159 10.78671 228.1477
runs_dat/SET10/REP_8 1.08 1e-04 0.3 0.006655806 0.297632 0.00266348 0.001100593 0.003944114 4.963192 2.64953 9.751753 0.0004271594 2.974586e-06 0.0005431075 992.4821 17.74654 3399.684 0.0005479846 1.837938e-05 0.0008545609 116.5617 11.27642 547.694 0.0005337273 4.500386e-06 0.0004654933 579.408 20.95741 2328.746
runs_dat/SET10/REP_9 1.11 1e-04 0.3 0.005039144 0.4367363 0.00363988 0.001848842 0.004854504 4.336061 2.537806 7.460136 0.001646299 2.497826e-05 0.001322924 88.85543 9.33543 498.5614 0.001016154 7.168963e-06 0.0005651024 327.8747 21.16343 1733.711 0.0004313618 6.545e-06 0.0007926385 338.3716 14.47975 1966.771
runs_dat/SET2/REP_1 7.68 0.01 0.01 0.0101773 0.9867736 0.02584275 0.009154257 0.2466016 75.51492 11.16395 106.2727 0.04053402 0.0001799236 0.4319507 1200.114 11.45974 5318.187 0.01437464 2.669198e-05 0.2317285 5999.474 16.98003 35143.34 0.04833368 3.413924e-05 0.6020215 4843.685 10.69302 27412.11
runs_dat/SET2/REP_10 7.48 0.01 0.01 0.01057577 0.9318829 0.04027175 0.008192882 0.6041522 87.14154 12.7418 119.0571 0.07367114 9.633348e-06 0.8001759 15347.2 12.26427 101695.1 0.01052914 8.517593e-06 0.2050983 21548.49 25.95227 112982.4 0.01424475 5.591714e-05 0.2195371 5538.374 21.73721 17564.13
runs_dat/SET2/REP_2 8.66 0.01 0.01 0.009553509 0.9614414 0.019 0.01037381 0.1615992 77.28778 25.2652 97.30309 0.01484565 3.885893e-06 0.2800528 34333.7 16.6452 254262.6 0.01598529 1.330866e-05 0.2970414 12437.57 22.0253 77156.35 0.01330111 2.063792e-05 0.1819675 7578.634 15.85562 48888.65
runs_dat/SET2/REP_3 7.79 0.01 0.01 0.01018648 0.9852825 0.02179862 0.009185696 0.2109239 83.41758 10.95322 114.4909 0.02808018 1.073937e-05 0.4104421 14773.85 19.50424 96056.86 0.01110461 3.841994e-05 0.1565569 4578.097 13.01605 26539.65 0.05720403 1.431998e-05 0.7064702 62558.91 11.90638 70746.17
runs_dat/SET2/REP_4 7.3 0.01 0.01 0.01191397 0.9246677 0.02483853 0.01151619 0.1330627 66.89932 13.52005 90.8442 0.004417196 1.629118e-05 0.06268205 10220.83 66.2202 61299.86 0.01151167 6.491698e-05 0.2334195 4644.528 40.74567 15761.28 0.02001856 9.073646e-06 0.2935153 19787.07 19.30172 110214.8
runs_dat/SET3/REP_1 16.16 0.01 0.01 0.01007014 0.9977373 0.01927625 0.009754816 0.1422965 82.85222 41.39277 99.84244 0.005266195 4.04191e-05 0.07458729 4954.955 118.2682 23704.1 0.02426964 2.709612e-06 0.3520994 59944.34 39.53931 367567.1 0.02976182 2.619154e-06 0.5221645 82631.16 51.06823 377122.8
runs_dat/SET3/REP_10 12.7 0.01 0.01 0.0097886 0.995417 0.04054224 0.007943077 0.4817213 95.0824 15.41538 131.9876 0.02973777 2.288424e-05 0.4046055 7326.87 16.92476 45170.86 0.005870848 6.490059e-06 0.1045358 36027.68 54.08925 154544.3 0.008269677 0.0004807004 0.1098452 746.8045 60.57104 2101.016
runs_dat/SET3/REP_2 17.84 0.01 0.01 0.009788869 0.9981755 0.07058155 0.01010513 0.6379208 74.35395 21.28252 97.48333 0.05308744 3.808864e-05 0.4661108 4036.229 34.79193 24332.42 0.06607799 8.740366e-05 0.4674625 2428.157 31.01992 10503.12 0.03355741 2.046837e-05 0.4593799 7831.58 28.40896 46306.57
runs_dat/SET3/REP_3 18.92 0.01 0.01 0.009802941 0.9955077 0.03107537 0.008830709 0.3584663 93.15284 25.25326 116.0023 0.004962269 8.266633e-06 0.06595628 35462.99 95.34467 123074.3 0.01307708 1.702981e-06 0.2429694 117912.8 91.82526 583910.7 0.007137703 2.541578e-06 0.1030075 112061.8 69.40629 409442.2
runs_dat/SET3/REP_4 14.21 0.01 0.01 0.01064754 0.994603 0.04462537 0.009789295 0.4746774 77.61571 20.67834 104.4121 0.04455471 0.0001139954 0.6352159 3005.563 18.51933 8650.669 0.04663086 3.282912e-05 0.4631954 4776.999 31.60452 30209.27 0.03956644 1.316886e-05 0.449967 11963.47 24.3141 73611.65
runs_dat/SET4/REP_1 1.2 0.01 0.3 0.238657 0.2496768 0.1011838 0.02401037 0.4790271 23.92516 4.310268 39.50901 0.05442767 0.0001036607 0.8517631 1408.173 6.433262 9271.626 0.01130643 0.0004360143 0.1231324 464.774 6.685052 2153.235 0.01308236 0.000416097 0.1275759 405.9299 21.47525 2286.341
runs_dat/SET4/REP_10 1.32 0.01 0.3 0.3201107 0.3676563 0.06641125 0.01101261 0.1401876 37.41682 10.14802 126.9404 0.03714456 0.001515277 0.4055666 241.1946 12.2039 972.492 0.01201928 0.0004339163 0.09112261 552.2645 29.29867 3234.608 0.00579393 5.39245e-05 0.03850531 4635.04 45.80007 26257.52
runs_dat/SET4/REP_2 1.08 0.01 0.3 0.3492432 0.5506579 0.1525684 0.09072134 0.2237213 9.474051 5.168488 16.76395 0.01469147 0.0004998372 0.03322515 829.8396 35.99694 2599.205 0.009539413 0.0001505992 0.1090572 1591.108 19.30301 8027.268 0.01274676 0.0008013191 0.03154294 305.0035 36.7046 1547.463
runs_dat/SET4/REP_3 1.46 0.01 0.3 0.2584597 0.3852745 0.1433253 0.08037802 0.2469911 9.148937 4.841198 15.54267 0.007374688 5.84184e-05 0.009866257 3477.875 104.8488 18575.37 0.01246605 0.0004212112 0.03083818 440.6631 35.35179 2750.38 0.006655403 0.0001806738 0.01422784 970.0207 73.05573 6080.955
runs_dat/SET4/REP_4 1.01 0.01 0.3 0.36713 0.7651203 0.1809817 0.1142115 0.2690427 6.23452 3.512245 9.86343 0.02945046 0.004740984 0.1796853 82.99031 6.553818 223.9896 0.06115156 0.00210441 0.8074864 112.6522 3.814779 499.1226 0.02296258 0.0001387738 0.3964717 1203.82 5.189572 6946.642
runs_dat/SET5/REP_1 6.77 0.01 0.3 0.07278756 0.2974668 0.02544704 0.01518967 0.1202297 60.12545 16.79762 91.93028 0.009196911 0.0001005489 0.1353276 3516.232 42.64941 13017.72 0.03004328 1.075036e-05 0.4030325 17549.44 22.78993 117473.2 0.02194057 9.341958e-06 0.2675757 18093.69 19.19476 134584.4
runs_dat/SET5/REP_10 6.74 0.01 0.3 0.09321644 0.579916 0.01699426 0.004163089 0.127931 127.3176 26.44833 265.0879 0.02937878 1.092746e-05 0.4259634 21525.03 34.89924 99992.03 0.04851406 1.17761e-05 0.6581247 16517.13 17.76109 95369.61 0.04935838 6.352598e-05 0.5873509 3146.93 15.79596 18147.79
runs_dat/SET5/REP_2 8.28 0.01 0.3 0.06298235 0.3540075 0.02943337 0.01368314 0.1705188 62.58241 22.35445 99.75863 0.004802694 1.047841e-05 0.07414824 19470.66 30.77026 121546.5 0.02924055 7.598222e-05 0.4618549 2905.264 19.404 15062 0.01128749 2.648021e-05 0.1684179 8499.039 39.97638 47832.62
runs_dat/SET5/REP_3 8.84 0.01 0.3 0.1078285 0.6469653 0.08712432 0.02009251 0.7728419 44.02007 11.33868 70.38526 0.01278411 2.22788e-05 0.1804808 15930.5 37.93848 56293.95 0.01884299 1.439532e-05 0.309146 11536.07 24.92388 85152.75 0.01804277 9.433237e-06 0.2818714 18469.02 23.75351 126142.1
runs_dat/SET5/REP_4 8.87 0.01 0.3 0.06763677 0.6195925 0.03403532 0.01269296 0.2342648 60.84212 14.84889 97.71258 0.03594591 6.238732e-05 0.4034311 3543.074 19.72833 18873.39 0.04097937 3.156941e-05 0.3999553 8552.177 21.59327 39179.05 0.008802393 1.471365e-05 0.1252421 13332.59 58.77778 88156.65
runs_dat/SET6/REP_1 16.99 0.01 0.3 0.04824253 0.3313005 0.02512611 0.006522067 0.2959258 96.46313 19.42909 151.413 0.0113016 1.89084e-06 0.1735167 71781.39 45.95975 485961.8 0.01787575 3.594158e-06 0.1928011 40054.98 34.50836 253766 0.005395328 2.371638e-05 0.09370917 6871.335 61.37021 40461.06
runs_dat/SET6/REP_10 12.48 0.01 0.3 0.1476312 0.5394842 0.08194962 0.01074551 0.8407735 88.50889 15.25916 170.0466 0.03442839 4.346592e-05 0.3217246 6291.963 21.34106 39248.93 0.009005006 7.465949e-05 0.1401173 4269.901 36.0262 22569.5 0.02350371 5.147879e-05 0.2911587 5010.94 27.54181 30880.43
runs_dat/SET6/REP_2 10.46 0.01 0.3 0.05717771 0.3175581 0.04102569 0.01267513 0.3585605 62.35853 14.72508 99.72396 0.01618246 2.814919e-06 0.2467265 56310.67 48.70321 421159.4 0.0641626 3.193596e-05 0.8391615 5539.898 25.01155 37788.18 0.02328352 9.478412e-06 0.3763746 82531.5 27.92333 129713.5
runs_dat/SET6/REP_3 18.07 0.01 0.3 0.04145143 0.5210864 0.04358739 0.01126271 0.3360807 58.78553 24.38134 98.13724 0.02820387 8.570421e-06 0.4235202 18835.68 23.32159 121246.4 0.08315488 0.0001335929 0.9702421 1686.192 26.70785 7898.252 0.02042859 7.256329e-06 0.2861478 22865.4 35.76547 142663.6
runs_dat/SET6/REP_4 19.21 0.01 0.3 0.04831999 0.4820233 0.03432711 0.01560067 0.2706255 52.93191 22.95185 71.43364 0.05499622 5.076535e-06 0.5703289 32916.02 24.71321 214689.3 0.05187863 2.561489e-05 0.7632351 7328.374 39.06324 43728.56 0.03344132 1.023488e-05 0.4488872 21103.51 37.56821 108856
runs_dat/SET7/REP_1 1.47 1e-04 0.01 0.0002567476 0.6351038 7501 376 14626 7496.502 376 14616 7501 376 14626 7501 376 14626 7501 376 14626 7499.809 376 14624 7501 376 14626 7498.633 376 14622
runs_dat/SET7/REP_10 1.23 1e-04 0.01 0.0001721023 0.6482786 6851.595 355 13275 7436.782 374 14519 7429.597 367 14443 7496.713 375 14621 7031.285 341 13668 7491.076 376 14605 7282.399 358 14141 7490 375 14611
runs_dat/SET7/REP_2 1.24 1e-04 0.01 0.000147715 0.2872081 0.004167473 0.001467992 0.003939372 5.248698 2.891383 9.111809 0.0005423784 3.054046e-06 0.0004531996 2176.044 25.53485 4061.978 0.001203415 1.750649e-05 0.0007688216 147.3304 15.09173 695.6056 0.0003498608 7.909507e-06 0.0008286529 422.593 14.25893 1597.684
runs_dat/SET7/REP_3 1.25 1e-04 0.01 0.0001855972 0.4951925 0.001923656 0.0006452476 0.003019422 7.968803 3.901385 17.28004 0.0006220075 4.772643e-05 0.001235919 55.42019 8.64188 225.8015 0.0005430868 2.146757e-05 0.0008439381 93.83695 12.42666 505.2496 0.0007466062 1.234216e-05 0.001194861 146.3577 9.266417 901.478
runs_dat/SET7/REP_4 1.25 1e-04 0.01 0.0002057725 0.7050272 0.007086281 0.001178978 0.003545202 5.787095 3.274981 10.301 0.0006666128 4.735985e-06 0.0006519684 359.7721 15.38906 2307.288 0.0006080646 5.642191e-06 0.0004572943 356.4285 23.44304 1929.328 0.000744907 7.363772e-06 0.0005121263 565.4405 19.34355 1431.241
runs_dat/SET7/REP_5 1.06 1e-04 0.01 0.0003081876 0.5174839 0.002516301 0.0008109265 0.003383592 6.014897 2.880591 12.56012 0.0006497724 1.637822e-05 0.0009961924 101.6226 9.057871 597.6839 0.000517146 1.181926e-05 0.0008895201 125.8629 10.25644 818.2719 0.001787068 4.164145e-06 0.0004644625 392.3093 20.22862 2313.146
runs_dat/SET7/REP_6 1.16 1e-04 0.01 0.0001945962 0.6704846 0.004346552 0.002111413 0.006488614 4.269259 2.530557 7.364652 0.0003847962 7.026462e-06 0.000514429 323.3302 26.35111 2065.66 0.002075038 4.103019e-05 0.001026642 61.96906 12.60604 340.2655 0.002653677 5.6337e-06 0.0006384895 400.5074 21.90621 2457.706
runs_dat/SET7/REP_7 1.11 1e-04 0.01 0.0001764686 0.8834787 0.003003918 0.001359554 0.004175507 5.179873 3.023278 9.26967 0.001221196 3.41835e-05 0.001446398 79.68818 8.276431 342.7283 0.002446933 6.577769e-05 0.001423957 42.94208 8.333388 182.6195 0.001322441 8.870343e-05 0.00184512 29.44918 6.407049 134.6057
runs_dat/SET7/REP_8 1.36 1e-04 0.01 0.0001572042 0.769543 0.002197347 0.001011093 0.002985345 6.507 3.812436 11.43682 0.001399357 0.0002472652 0.00155122 15.69825 6.383797 42.1446 0.0007397022 3.052784e-05 0.000992644 65.16487 10.08127 327.5151 0.0004587099 6.719839e-06 0.0005547032 653.0019 17.6862 1550.779
runs_dat/SET7/REP_9 1.28 1e-04 0.01 0.000134054 0.8612141 0.002879756 0.001539557 0.003815508 3.815161 2.413006 6.309866 0.0002136288 5.473517e-06 0.0003865381 257.0938 20.44006 1453.585 0.03869046 1.637999e-05 0.03531135 92.0884 10.79625 555.2223 0.00148252 2.773105e-05 0.0008642974 63.67002 9.283127 302.9911
runs_dat/SET8/REP_1 6.95 1e-04 0.01 0.0001048077 0.9856974 7501 376 14626 7498.212 375 14619 7501 376 14626 7500.385 376 14623 7501 376 14626 7500.425 376 14625 7501 376 14626 7501 376 14626
runs_dat/SET8/REP_10 7.01 1e-04 0.01 0.0001104344 0.9919741 7009.182 353 13577 7498.478 375 14622 7391.643 368 14351 7501 376 14626 7269.526 360 14109 7500.235 376 14625 7401.443 370 14405 7501 376 14626
runs_dat/SET8/REP_2 8.1 1e-04 0.01 0.0001123885 0.9452386 0.005206732 0.0002853735 0.04641885 25.08313 14.48238 41.23416 0.001751901 3.356574e-07 0.0001006771 6756.969 140.2416 33031.25 0.0009611342 1.410638e-06 0.0001152961 1457.86 100.5362 8117.085 0.0001359391 4.423417e-07 6.626868e-05 4167.327 159.4226 26861.94
runs_dat/SET8/REP_3 9.68 1e-04 0.01 0.0001022857 0.9852673 0.001495298 0.0002326199 0.0005775105 35.25772 22.92037 55.61107 0.01799526 7.864568e-06 0.006493027 351.5167 60.40383 1462.778 0.00185698 1.425947e-06 0.0001067615 2398.016 117.9443 8384.352 0.02544015 8.900531e-06 0.0002120201 328.7195 60.75999 1308.528
runs_dat/SET8/REP_4 9.41 1e-04 0.01 0.0001001981 0.9962203 0.05310784 0.0001143102 0.06729298 48.76613 22.40444 107.2511 0.0004655666 2.110811e-06 0.0001452922 838.1724 79.21406 4862.74 0.0008840647 5.661064e-07 0.0001214186 3293.548 101.9654 18672.04 0.0003081153 1.43252e-06 0.0001209926 1091.351 86.72675 7194.135
runs_dat/SET8/REP_5 8.86 1e-04 0.01 0.0001130826 0.9829716 0.001313354 0.000266194 0.0007213372 28.92608 17.75771 48.21387 0.0007456372 3.973112e-06 0.0001532479 1003.637 72.4204 2915.857 0.004116524 1.381097e-05 0.0002028233 221.9683 57.16436 877.6812 0.000850814 2.331339e-06 0.000135163 923.8863 91.51462 5084.519
runs_dat/SET8/REP_6 7.21 1e-04 0.01 0.0001039488 0.9927856 0.001208438 0.0001778492 0.0005102223 33.56661 17.9776 61.48458 0.001619738 1.553976e-05 0.0001964375 186.9666 49.00117 667.8336 0.003644215 1.004605e-06 0.0001236591 1733.222 82.60465 10579.02 0.0007181031 7.147045e-07 7.933086e-05 2547.981 126.5798 14327.15
runs_dat/SET8/REP_7 7.36 1e-04 0.01 0.000108668 0.9623411 0.01150499 0.000197217 0.0006154776 34.56588 20.32176 60.7606 0.009126664 4.772968e-06 0.0001716793 581.1952 73.25488 2284.929 0.002961848 5.61978e-07 0.000107063 4093.428 112.0343 20280.8 0.0002834018 1.313628e-06 0.0001164462 1468.091 92.50423 8362.414
runs_dat/SET8/REP_8 9.96 1e-04 0.01 0.0001046636 0.9911785 0.01404235 0.0001630531 0.02755945 38.27304 23.13807 65.70831 0.001148042 2.903572e-06 8.155364e-05 687.8751 108.0336 3250.151 0.000472064 5.077326e-07 4.802471e-05 3051.851 188.1094 18603.92 0.002646959 3.081609e-07 8.329466e-05 8188.983 152.0217 30592.85
runs_dat/SET8/REP_9 6.84 1e-04 0.01 0.0001340969 0.9350752 0.000815836 0.0001571258 0.0005757339 29.93497 15.50278 60.61518 0.002888045 1.142517e-06 0.0001618626 1217.879 72.62063 7858.566 0.0003141925 7.650494e-06 0.0001775145 252.1159 46.64238 1164.071 0.0007785565 1.552476e-06 0.0001357572 841.4615 63.37846 5863.472
runs_dat/SET9/REP_1 17.51 1e-04 0.01 0.0001046559 0.9937393 7501 376 14626 7489.035 375 14610 7501 376 14626 7495.759 375 14620 7501 376 14626 7499.282 375 14624 7501 376 14626 7500.249 376 14625
runs_dat/SET9/REP_10 17.44 1e-04 0.01 0.0001023647 0.9955961 7323.585 361 14236 7487.762 376 14606 7316.719 372 14198 7498.144 375 14622 7409.359 365 14441 7500.266 376 14625 7400.21 364 14394 7498.723 376 14623
runs_dat/SET9/REP_2 12 1e-04 0.01 9.583369e-05 0.9957144 0.02018995 0.0002560338 0.2590701 29.96735 18.20974 50.5763 0.0005608643 3.209085e-06 0.0001197199 610.9606 82.75384 3044.491 0.00229813 1.251341e-06 9.768765e-05 1966.768 92.99881 7406.724 0.0003944919 6.726649e-06 0.0001500856 315.2002 59.79331 1502.282
runs_dat/SET9/REP_3 10.75 1e-04 0.01 0.0001119269 0.9609824 0.001448244 0.000162401 0.0005583972 35.7157 18.45743 69.02525 0.001031619 9.06816e-07 9.213664e-05 1738.388 107.0985 11417.42 0.00234742 1.700127e-06 0.002145543 857.2931 75.86253 6122.044 0.0009986339 6.853346e-06 0.0001694983 331.2118 59.03084 1566.367
runs_dat/SET9/REP_4 17.16 1e-04 0.01 0.0001001871 0.9868082 0.001913949 0.0001283762 0.000439659 56.24531 33.24663 103.1116 0.0005013403 1.394785e-06 0.0001040258 1310.936 121.3267 8912.397 0.001581569 3.484685e-06 0.0001426217 672.0847 95.49581 3495.998 0.001622506 8.742803e-07 8.719832e-05 2145.486 129.8103 13640.99
runs_dat/SET9/REP_5 10.92 1e-04 0.01 0.0001080316 0.983361 0.0004835026 0.0001219583 0.0004229414 53.79531 27.29602 99.76772 0.0002532412 2.896286e-07 4.136989e-05 6619.204 260.793 37995.1 0.007318767 4.451887e-06 0.0001261504 588.8709 105.3326 2692.642 0.0009853551 6.120435e-06 0.0001085375 502.2185 99.10845 1927.901
runs_dat/SET9/REP_6 19.83 1e-04 0.01 0.000104588 0.9950792 0.0007761214 0.000117783 0.0002945824 61.84732 40.18625 101.0716 0.01213258 8.206121e-07 0.0235215 2598.622 131.8582 12846.32 0.006493388 3.985731e-06 0.0001219863 541.021 99.15443 2535.386 0.006004954 2.017292e-06 9.680413e-05 851.2096 111.2065 5350.639
runs_dat/SET9/REP_7 14.65 1e-04 0.01 0.0001178226 0.9445031 0.0005346849 0.0001372584 0.0004691675 42.97464 24.7697 81.63397 0.009112917 1.120442e-06 0.1090184 2061.197 108.869 8696.583 0.001175804 2.653185e-05 0.0002404663 120.379 41.35539 385.7518 0.00151111 4.640333e-07 6.764553e-05 3780.382 147.9527 20122.72
runs_dat/SET9/REP_8 16.92 1e-04 0.01 9.822344e-05 0.9933608 0.00257973 0.0001576632 0.0004696927 45.81536 28.10433 75.80993 0.0001830952 5.487398e-07 4.277269e-05 3241.116 242.7919 19401.87 0.0009224226 3.639294e-07 5.280563e-05 5082.344 196.2789 30557.32 0.01941821 4.068045e-07 0.002437218 7783.806 175.2887 27688.32
runs_dat/SET9/REP_9 18.14 1e-04 0.01 0.0001111711 0.9853504 0.0008944649 0.0001322071 0.0003582091 54.72353 28.9582 97.19425 0.002594763 8.664372e-07 7.751334e-05 5296 148.5988 13679.43 0.009497644 1.006445e-06 0.03248076 2316.556 135.5244 11694.06 0.001338741 2.163994e-07 3.822174e-05 28760.55 284.6011 50552.97
runs_dat/SET1/REP_1 1.23 0.01 0.01 0.02507496 0.7298487 0.03728066 0.007846961 0.07103006 49.14599 14.15872 123.5919 0.01966638 0.0001251093 0.3711808 1797.412 11.17515 7791.949 0.01134967 0.0001351444 0.1556789 1182.526 11.88017 7190.601 0.03098523 8.930556e-05 0.472706 2548.254 7.37154 11035.83
runs_dat/SET1/REP_10 1.39 0.01 0.01 0.02112395 0.623098 0.05875587 0.03360432 0.08692628 18.22407 11.89071 29.41078 0.008537091 8.534754e-05 0.00812564 2081.067 119.2083 11278.82 0.006024201 7.390076e-05 0.01030986 2256.961 113.6747 13026.3 0.01528936 0.000223222 0.2327373 761.7858 9.360075 4352.82
runs_dat/SET1/REP_2 1.07 0.01 0.01 0.01316215 0.8502744 0.05155493 0.02359655 0.08751814 23.37533 12.04748 44.61611 0.003173443 8.465997e-05 0.006076061 1985.183 166.4143 12251.14 0.02885813 0.0006030703 0.3396798 1477.665 16.27411 1723.372 0.00588022 9.023718e-05 0.007843084 3455.997 128.2501 11441.91
runs_dat/SET1/REP_3 1.26 0.01 0.01 0.01246037 0.7858857 0.03175688 0.005453704 0.06340748 49.80711 14.88967 168.3943 0.03507372 0.0001954932 0.6850121 803.3362 5.25938 4737.953 0.02434826 0.0002500874 0.4091924 657.6291 5.716069 3681.723 0.005159277 0.0001096184 0.01275957 3990.537 72.42881 8318.374
runs_dat/SET1/REP_4 1.14 0.01 0.01 0.02945576 0.5451413 0.05352753 0.02799644 0.08076326 20.87362 12.74566 35.46214 0.02010957 9.703992e-05 0.393702 1864.942 9.188881 10031.05 0.008030669 9.13509e-05 0.02920339 2148.039 37.52537 10655.08 0.02195709 3.159544e-05 0.3798976 7219.846 16.70621 30841.32
runs_dat/SET1/REP_5 1.17 0.01 0.01 0.01778394 0.7822416 0.03856684 0.01055771 0.06910319 37.04166 15.36412 99.76645 0.05593617 2.474167e-05 1.053898 10887.38 12.28881 41746.98 0.02529191 0.0008722404 0.3046432 295.8776 10.58606 1209.775 0.01662283 9.883618e-05 0.2529331 1669.182 5.4619 10557.55
runs_dat/SET1/REP_6 1.49 0.01 0.01 0.0186712 0.6884651 0.04010418 0.004850676 0.1130527 78.08326 9.499445 220.9588 0.01527108 0.0005252266 0.0421866 397.2157 24.15009 2041.521 0.01807762 9.806365e-05 0.2733392 2901.903 12.09295 10779.28 0.0088754 0.0006180567 0.01782822 394.2816 65.20469 1704.874
runs_dat/SET1/REP_7 1.02 0.01 0.01 0.02180459 0.6924577 0.04421992 0.01222201 0.08756734 38.35791 12.22724 88.21756 0.01765583 4.345146e-05 0.3330515 6517.549 10.51723 25433.63 0.005751896 9.763149e-05 0.01100219 1681.88 98.5833 11088.73 0.01033504 9.860562e-05 0.03011532 1622.829 57.34459 10880.73
runs_dat/SET1/REP_8 1.44 0.01 0.01 0.01490292 0.5009961 0.041588 0.007397071 0.3184031 53.74195 6.879383 140.7907 0.01274858 7.313277e-05 0.1585544 2867.159 12.45494 13969.71 0.03347398 6.402858e-05 0.5081142 2682.477 6.705879 16063.22 0.04815085 0.000212023 0.6944023 2072.888 7.02246 4837.196
runs_dat/SET1/REP_9 1.28 0.01 0.01 0.01121076 0.918588 0.04106264 0.01620998 0.06690717 30.23391 14.92135 59.42096 0.008732963 0.0001206861 0.01294469 6648.241 73.85192 7832.222 0.01037704 4.034931e-05 0.1078488 7709.782 12.08931 24063.16 0.01248871 0.0001201617 0.1405835 16599.72 5.603796 7986.52
runs_dat/SET10/REP_1 1.42 1e-04 0.3 0.00652427 0.4164828 7501 376 14626 7467.245 375 14574 7501 376 14626 7497.775 376 14621 7501 376 14626 7497.814 376 14622 7501 376 14626 7496.011 376 14619
runs_dat/SET10/REP_10 1.13 1e-04 0.3 0.006487577 0.4984722 6993.524 357 13571 7483.43 376 14593 7354.46 358 14270 7496.472 375 14620 7334.193 342 14259 7494.195 375 14617 7181.374 347 13936 7491.033 374 14611
runs_dat/SET10/REP_2 1.11 1e-04 0.3 0.004606394 0.4609656 0.006638126 0.001607941 0.006110519 5.326966 2.77863 9.965095 0.001043266 4.056166e-05 0.00114319 87.08969 11.32389 349.6857 0.002639094 0.0002391775 0.001888195 20.882 6.968585 58.75878 0.001916511 0.0001258352 0.001349625 30.07815 9.376511 112.992
runs_dat/SET10/REP_3 1.36 1e-04 0.3 0.003321322 0.4941371 0.004593515 0.001867774 0.005258868 3.84781 2.296099 6.696744 0.0007287295 1.607976e-05 0.0009547755 118.2697 11.28575 726.3209 0.00181795 2.436418e-05 0.0009602965 87.04603 11.47598 466.0375 0.0003778806 5.341251e-06 0.000791018 321.9389 13.18145 1990.875
runs_dat/SET10/REP_4 1.24 1e-04 0.3 0.006241 0.4139388 0.004971394 0.001772645 0.00881036 3.859483 1.788028 10.13092 0.002084645 1.475623e-05 0.000873376 200.5243 16.93973 1104.899 0.001704004 6.423836e-06 0.0008046406 431.3834 19.15724 2633.868 0.02743539 4.662234e-05 0.08894801 68.41572 9.547974 371.202
runs_dat/SET10/REP_5 1.28 1e-04 0.3 0.003606718 0.4114513 0.002961928 0.001306522 0.003933896 5.8918 3.265277 10.40399 0.0007845616 7.835639e-06 0.0006155806 275.4524 18.21963 1551.25 0.001003544 1.233618e-05 0.0006755346 204.23 16.88148 1006.563 0.001622215 3.479981e-06 0.0006484509 696.0173 17.91489 3456.781
runs_dat/SET10/REP_6 1.22 1e-04 0.3 0.006000149 0.391793 0.003555189 0.001888578 0.004869019 4.298761 2.744777 7.018016 0.0007974729 1.609192e-05 0.0009848476 114.6241 11.68927 705.4557 0.0009591869 0.0001074478 0.001382973 30.04056 8.432309 107.8055 0.001448417 0.0001388414 0.00186196 21.18707 6.191183 85.63302
runs_dat/SET10/REP_7 1.44 1e-04 0.3 0.007943566 0.4402921 0.003172196 0.001032019 0.003652388 7.292966 3.951168 14.21393 0.001560285 1.439237e-05 0.0009162338 148.5518 14.7847 962.5441 0.0008340467 6.195632e-06 0.0005689943 333.5017 23.16519 2143.422 0.001125751 6.019509e-05 0.001200917 60.98159 10.78671 228.1477
runs_dat/SET10/REP_8 1.08 1e-04 0.3 0.006655806 0.297632 0.00266348 0.001100593 0.003944114 4.963192 2.64953 9.751753 0.0004271594 2.974586e-06 0.0005431075 992.4821 17.74654 3399.684 0.0005479846 1.837938e-05 0.0008545609 116.5617 11.27642 547.694 0.0005337273 4.500386e-06 0.0004654933 579.408 20.95741 2328.746
runs_dat/SET10/REP_9 1.11 1e-04 0.3 0.005039144 0.4367363 0.00363988 0.001848842 0.004854504 4.336061 2.537806 7.460136 0.001646299 2.497826e-05 0.001322924 88.85543 9.33543 498.5614 0.001016154 7.168963e-06 0.0005651024 327.8747 21.16343 1733.711 0.0004313618 6.545e-06 0.0007926385 338.3716 14.47975 1966.771
runs_dat/SET2/REP_1 7.68 0.01 0.01 0.0101773 0.9867736 0.02584275 0.009154257 0.2466016 75.51492 11.16395 106.2727 0.04053402 0.0001799236 0.4319507 1200.114 11.45974 5318.187 0.01437464 2.669198e-05 0.2317285 5999.474 16.98003 35143.34 0.04833368 3.413924e-05 0.6020215 4843.685 10.69302 27412.11
runs_dat/SET2/REP_10 7.48 0.01 0.01 0.01057577 0.9318829 0.04027175 0.008192882 0.6041522 87.14154 12.7418 119.0571 0.07367114 9.633348e-06 0.8001759 15347.2 12.26427 101695.1 0.01052914 8.517593e-06 0.2050983 21548.49 25.95227 112982.4 0.01424475 5.591714e-05 0.2195371 5538.374 21.73721 17564.13
runs_dat/SET2/REP_2 8.66 0.01 0.01 0.009553509 0.9614414 0.019 0.01037381 0.1615992 77.28778 25.2652 97.30309 0.01484565 3.885893e-06 0.2800528 34333.7 16.6452 254262.6 0.01598529 1.330866e-05 0.2970414 12437.57 22.0253 77156.35 0.01330111 2.063792e-05 0.1819675 7578.634 15.85562 48888.65
runs_dat/SET2/REP_3 7.79 0.01 0.01 0.01018648 0.9852825 0.02179862 0.009185696 0.2109239 83.41758 10.95322 114.4909 0.02808018 1.073937e-05 0.4104421 14773.85 19.50424 96056.86 0.01110461 3.841994e-05 0.1565569 4578.097 13.01605 26539.65 0.05720403 1.431998e-05 0.7064702 62558.91 11.90638 70746.17
runs_dat/SET2/REP_4 7.3 0.01 0.01 0.01191397 0.9246677 0.02483853 0.01151619 0.1330627 66.89932 13.52005 90.8442 0.004417196 1.629118e-05 0.06268205 10220.83 66.2202 61299.86 0.01151167 6.491698e-05 0.2334195 4644.528 40.74567 15761.28 0.02001856 9.073646e-06 0.2935153 19787.07 19.30172 110214.8
runs_dat/SET2/REP_5 8.25 0.01 0.01 0.009848976 0.9974019 0.02129332 0.01316314 0.05360638 66.08462 29.7195 86.60575 0.0100228 5.352389e-06 0.1404481 58459.29 26.94943 204621.6 0.004397757 6.345363e-06 0.02300057 48523.93 67.9654 167563.6 0.01019993 6.507108e-05 0.1471247 5233.815 33.1009 16727.75
runs_dat/SET2/REP_6 9.66 0.01 0.01 0.01186523 0.9629895 0.01913052 0.01012458 0.1209117 73.48486 20.28839 97.78165 0.05124043 3.047643e-05 0.6498465 5332.38 18.35094 31192.18 0.01522145 0.0001952593 0.2355624 1264.672 26.04214 4881.665 0.01275471 1.374821e-05 0.151343 15765.1 35.29216 69767.75
runs_dat/SET2/REP_7 9.8 0.01 0.01 0.01028572 0.9854647 0.0302376 0.009254017 0.3543135 88.32074 22.52519 119.6508 0.02254968 8.108006e-06 0.4685355 123986.6 64.60438 138196.5 0.08567199 2.965933e-05 0.9232525 6485.261 20.64637 35955.31 0.2485691 8.21782e-06 1.575575 20591.73 23.72123 132965
runs_dat/SET2/REP_8 9.48 0.01 0.01 0.0118192 0.9754609 0.02958057 0.009392118 0.3451443 78.64868 19.72811 105.5448 0.02789839 1.331586e-05 0.4026965 17135.76 40.70507 71794.59 0.01026161 7.239929e-06 0.1785108 22113.97 39.02917 134841.1 0.01607679 6.648109e-05 0.2855138 4187.794 34.56526 14747.96
runs_dat/SET2/REP_9 8.55 0.01 0.01 0.01255324 0.9460764 0.02126315 0.0114228 0.1314805 70.13691 17.01951 89.49441 0.01254404 3.019933e-06 0.2510139 57995.76 102.4035 333730.4 0.01629218 3.99986e-06 0.3024994 122939.3 41.06242 258722.3 0.01437286 7.479367e-06 0.2310346 23050.3 51.3907 132506.6
runs_dat/SET3/REP_1 16.16 0.01 0.01 0.01007014 0.9977373 0.01927625 0.009754816 0.1422965 82.85222 41.39277 99.84244 0.005266195 4.04191e-05 0.07458729 4954.955 118.2682 23704.1 0.02426964 2.709612e-06 0.3520994 59944.34 39.53931 367567.1 0.02976182 2.619154e-06 0.5221645 82631.16 51.06823 377122.8
runs_dat/SET3/REP_10 12.7 0.01 0.01 0.0097886 0.995417 0.04054224 0.007943077 0.4817213 95.0824 15.41538 131.9876 0.02973777 2.288424e-05 0.4046055 7326.87 16.92476 45170.86 0.005870848 6.490059e-06 0.1045358 36027.68 54.08925 154544.3 0.008269677 0.0004807004 0.1098452 746.8045 60.57104 2101.016
runs_dat/SET3/REP_2 17.84 0.01 0.01 0.009788869 0.9981755 0.07058155 0.01010513 0.6379208 74.35395 21.28252 97.48333 0.05308744 3.808864e-05 0.4661108 4036.229 34.79193 24332.42 0.06607799 8.740366e-05 0.4674625 2428.157 31.01992 10503.12 0.03355741 2.046837e-05 0.4593799 7831.58 28.40896 46306.57
runs_dat/SET3/REP_3 18.92 0.01 0.01 0.009802941 0.9955077 0.03107537 0.008830709 0.3584663 93.15284 25.25326 116.0023 0.004962269 8.266633e-06 0.06595628 35462.99 95.34467 123074.3 0.01307708 1.702981e-06 0.2429694 117912.8 91.82526 583910.7 0.007137703 2.541578e-06 0.1030075 112061.8 69.40629 409442.2
runs_dat/SET3/REP_4 14.21 0.01 0.01 0.01064754 0.994603 0.04462537 0.009789295 0.4746774 77.61571 20.67834 104.4121 0.04455471 0.0001139954 0.6352159 3005.563 18.51933 8650.669 0.04663086 3.282912e-05 0.4631954 4776.999 31.60452 30209.27 0.03956644 1.316886e-05 0.449967 11963.47 24.3141 73611.65
runs_dat/SET3/REP_5 19.87 0.01 0.01 0.01053771 0.9923341 0.03621213 0.01109153 0.3856258 70.19424 23.53668 88.99989 0.0420697 2.192395e-05 0.530734 10207.47 29.492 44216.71 0.01571996 7.395934e-06 0.2287224 43879.47 36.55587 131611.9 0.08441282 1.23443e-05 1.380554 18819.78 27.56789 80238.7
runs_dat/SET3/REP_6 11.78 0.01 0.01 0.010041 0.9979206 0.02454204 0.008909289 0.1783958 89.65118 19.58947 119.4633 0.04012722 3.380961e-05 0.4793639 5538.598 29.79013 30640.13 0.05925795 9.854274e-05 0.5461223 2045.773 13.84848 10819.39 0.01465433 7.385338e-06 0.2237714 23635.48 41.99086 138960.7
runs_dat/SET3/REP_7 10.47 0.01 0.01 0.01001808 0.9952408 0.03083876 0.009886132 0.3227936 74.95744 27.92398 97.60346 0.009674956 1.612213e-05 0.1470913 9881.832 27.81655 60738.14 0.009861561 6.7288e-05 0.1109277 2571.439 34.28385 14213.83 0.03505196 7.069641e-05 0.4937244 2989.912 22.05152 13568.8
runs_dat/SET3/REP_8 19.94 0.01 0.01 0.01107797 0.9833117 0.07068046 0.007259191 0.7654661 86.20698 23.25037 131.4367 0.02723798 5.37948e-05 0.2917952 3518.879 33.36036 17183.33 0.02632149 1.201447e-05 0.3591476 13725.86 57.17026 76519.81 0.01327698 5.254459e-06 0.2389927 27004.73 72.41286 176787.7
runs_dat/SET3/REP_9 12.32 0.01 0.01 0.01204564 0.9070599 0.05134997 0.01028862 0.6024589 75.76429 15.06788 100.5326 0.04622674 5.822406e-06 0.6846893 31128.23 21.77241 171504.9 0.01101001 1.416378e-05 0.1277617 13533.57 122.6901 69998.07 0.03147648 3.793465e-05 0.5955808 5099.87 39.98641 27308.03
runs_dat/SET4/REP_1 1.2 0.01 0.3 0.238657 0.2496768 0.1011838 0.02401037 0.4790271 23.92516 4.310268 39.50901 0.05442767 0.0001036607 0.8517631 1408.173 6.433262 9271.626 0.01130643 0.0004360143 0.1231324 464.774 6.685052 2153.235 0.01308236 0.000416097 0.1275759 405.9299 21.47525 2286.341
runs_dat/SET4/REP_10 1.32 0.01 0.3 0.3201107 0.3676563 0.06641125 0.01101261 0.1401876 37.41682 10.14802 126.9404 0.03714456 0.001515277 0.4055666 241.1946 12.2039 972.492 0.01201928 0.0004339163 0.09112261 552.2645 29.29867 3234.608 0.00579393 5.39245e-05 0.03850531 4635.04 45.80007 26257.52
runs_dat/SET4/REP_2 1.08 0.01 0.3 0.3492432 0.5506579 0.1525684 0.09072134 0.2237213 9.474051 5.168488 16.76395 0.01469147 0.0004998372 0.03322515 829.8396 35.99694 2599.205 0.009539413 0.0001505992 0.1090572 1591.108 19.30301 8027.268 0.01274676 0.0008013191 0.03154294 305.0035 36.7046 1547.463
runs_dat/SET4/REP_3 1.46 0.01 0.3 0.2584597 0.3852745 0.1433253 0.08037802 0.2469911 9.148937 4.841198 15.54267 0.007374688 5.84184e-05 0.009866257 3477.875 104.8488 18575.37 0.01246605 0.0004212112 0.03083818 440.6631 35.35179 2750.38 0.006655403 0.0001806738 0.01422784 970.0207 73.05573 6080.955
runs_dat/SET4/REP_4 1.01 0.01 0.3 0.36713 0.7651203 0.1809817 0.1142115 0.2690427 6.23452 3.512245 9.86343 0.02945046 0.004740984 0.1796853 82.99031 6.553818 223.9896 0.06115156 0.00210441 0.8074864 112.6522 3.814779 499.1226 0.02296258 0.0001387738 0.3964717 1203.82 5.189572 6946.642
runs_dat/SET4/REP_5 1.44 0.01 0.3 0.2730592 0.4449089 0.1558439 0.08806394 0.3397323 10.92284 6.1979 18.29792 0.02542688 0.0001873999 0.4631497 1010.206 16.29949 7287.842 0.03053343 0.0003517315 0.3967516 683.4046 25.81305 4105.514 0.07709088 0.0007832555 0.9321125 424.2469 7.539798 1774.273
runs_dat/SET4/REP_6 1.47 0.01 0.3 0.3260773 0.3634615 0.1059057 0.03567813 0.6421569 17.46159 4.528783 34.80854 0.01266856 0.0004306103 0.07324243 839.6612 31.23928 2731.325 0.01460506 0.0006429985 0.1738554 4837.17 19.03499 1887.127 0.05840596 0.006913467 0.7243986 82.58783 5.988129 173.8808
runs_dat/SET4/REP_7 1.42 0.01 0.3 0.3031053 0.406856 0.153111 0.09067802 0.2397641 9.324533 5.585709 15.04172 0.0122279 0.0003785773 0.03762004 810.4533 35.46556 3270.203 0.02061089 0.0003241261 0.2599084 1146.757 15.36437 3825.248 0.02635745 0.006006724 0.09765491 76.36914 14.17841 205.8632
runs_dat/SET4/REP_8 1.39 0.01 0.3 0.3093236 0.3513375 0.1513536 0.08506797 0.4088598 8.6685 5.162826 13.67599 0.009054387 0.000422281 0.01963776 813.5737 63.40717 2549.795 0.02051928 0.0004209459 0.2373025 739.8196 8.699039 2676.23 0.01682466 0.0009375505 0.1284369 366.0645 10.31252 1171.911
runs_dat/SET4/REP_9 1.22 0.01 0.3 0.3502216 0.3292218 0.1194006 0.04361252 0.4460144 11.73233 3.693198 25.15386 0.04710239 0.0001946775 0.6780197 1015.248 8.209526 5351.96 0.01295981 6.692234e-05 0.1652857 2366.581 10.02399 15076.57 0.05168894 0.0005276547 0.7187942 497.4331 9.227739 1922.388
runs_dat/SET5/REP_1 6.77 0.01 0.3 0.07278756 0.2974668 0.02544704 0.01518967 0.1202297 60.12545 16.79762 91.93028 0.009196911 0.0001005489 0.1353276 3516.232 42.64941 13017.72 0.03004328 1.075036e-05 0.4030325 17549.44 22.78993 117473.2 0.02194057 9.341958e-06 0.2675757 18093.69 19.19476 134584.4
runs_dat/SET5/REP_10 6.74 0.01 0.3 0.09321644 0.579916 0.01699426 0.004163089 0.127931 127.3176 26.44833 265.0879 0.02937878 1.092746e-05 0.4259634 21525.03 34.89924 99992.03 0.04851406 1.17761e-05 0.6581247 16517.13 17.76109 95369.61 0.04935838 6.352598e-05 0.5873509 3146.93 15.79596 18147.79
runs_dat/SET5/REP_2 8.28 0.01 0.3 0.06298235 0.3540075 0.02943337 0.01368314 0.1705188 62.58241 22.35445 99.75863 0.004802694 1.047841e-05 0.07414824 19470.66 30.77026 121546.5 0.02924055 7.598222e-05 0.4618549 2905.264 19.404 15062 0.01128749 2.648021e-05 0.1684179 8499.039 39.97638 47832.62
runs_dat/SET5/REP_3 8.84 0.01 0.3 0.1078285 0.6469653 0.08712432 0.02009251 0.7728419 44.02007 11.33868 70.38526 0.01278411 2.22788e-05 0.1804808 15930.5 37.93848 56293.95 0.01884299 1.439532e-05 0.309146 11536.07 24.92388 85152.75 0.01804277 9.433237e-06 0.2818714 18469.02 23.75351 126142.1
runs_dat/SET5/REP_4 8.87 0.01 0.3 0.06763677 0.6195925 0.03403532 0.01269296 0.2342648 60.84212 14.84889 97.71258 0.03594591 6.238732e-05 0.4034311 3543.074 19.72833 18873.39 0.04097937 3.156941e-05 0.3999553 8552.177 21.59327 39179.05 0.008802393 1.471365e-05 0.1252421 13332.59 58.77778 88156.65
runs_dat/SET5/REP_5 6.04 0.01 0.3 0.09111595 0.3243757 0.04044572 0.0134899 0.4145445 53.5005 9.931087 81.41309 0.04030246 1.84264e-05 0.6140207 11958.97 15.97142 55471.3 0.02689363 2.715202e-05 0.3735935 6373.012 26.36133 38686.87 0.07588563 2.745408e-05 1.002298 7225.645 18.32532 37716.99
runs_dat/SET5/REP_6 8.6 0.01 0.3 0.07249264 0.4521746 0.02295701 0.005730344 0.2187714 95.52988 13.84439 186.8797 0.02136567 0.0001351199 0.2772908 1763.683 31.00105 7402.543 0.01788994 2.228311e-05 0.2681377 7367.912 30.34424 44748.92 0.04475418 3.300286e-05 0.5603407 5286.028 15.64363 31613.57
runs_dat/SET5/REP_7 9.86 0.01 0.3 0.04897636 0.6652118 0.04395671 0.01635674 0.3296832 49.10925 22.87028 73.69365 0.03368323 7.596476e-05 0.4541475 2769.202 20.51943 14628.67 0.03043562 6.186021e-06 0.4833205 31039.52 21.32206 171422.8 0.02907369 3.593461e-05 0.5202144 6440.254 26.01434 30342.56
runs_dat/SET5/REP_8 8.01 0.01 0.3 0.05458361 0.4082049 0.02904621 0.01132849 0.2534019 61.90189 15.62613 94.70808 0.01493585 1.51784e-05 0.2071966 10999.04 37.1017 68047.82 0.033896 1.33268e-05 0.5899432 16319.76 42.91066 73196.94 0.009095106 4.796438e-05 0.1672114 3841.905 37.08066 21331.02
runs_dat/SET5/REP_9 7.99 0.01 0.3 0.03984334 0.4298371 0.04348279 0.009653906 0.4033295 92.1908 15.57151 158.7348 0.0460375 4.736124e-05 0.5374996 5446.157 31.87881 30100.25 0.02240667 4.800439e-06 0.2944064 121392.1 50.53152 305850.4 0.01843669 1.680443e-05 0.2246037 15746.8 35.92145 82046.55
runs_dat/SET6/REP_1 16.99 0.01 0.3 0.04824253 0.3313005 0.02512611 0.006522067 0.2959258 96.46313 19.42909 151.413 0.0113016 1.89084e-06 0.1735167 71781.39 45.95975 485961.8 0.01787575 3.594158e-06 0.1928011 40054.98 34.50836 253766 0.005395328 2.371638e-05 0.09370917 6871.335 61.37021 40461.06
runs_dat/SET6/REP_10 12.48 0.01 0.3 0.1476312 0.5394842 0.08194962 0.01074551 0.8407735 88.50889 15.25916 170.0466 0.03442839 4.346592e-05 0.3217246 6291.963 21.34106 39248.93 0.009005006 7.465949e-05 0.1401173 4269.901 36.0262 22569.5 0.02350371 5.147879e-05 0.2911587 5010.94 27.54181 30880.43
runs_dat/SET6/REP_2 10.46 0.01 0.3 0.05717771 0.3175581 0.04102569 0.01267513 0.3585605 62.35853 14.72508 99.72396 0.01618246 2.814919e-06 0.2467265 56310.67 48.70321 421159.4 0.0641626 3.193596e-05 0.8391615 5539.898 25.01155 37788.18 0.02328352 9.478412e-06 0.3763746 82531.5 27.92333 129713.5
runs_dat/SET6/REP_3 18.07 0.01 0.3 0.04145143 0.5210864 0.04358739 0.01126271 0.3360807 58.78553 24.38134 98.13724 0.02820387 8.570421e-06 0.4235202 18835.68 23.32159 121246.4 0.08315488 0.0001335929 0.9702421 1686.192 26.70785 7898.252 0.02042859 7.256329e-06 0.2861478 22865.4 35.76547 142663.6
runs_dat/SET6/REP_4 19.21 0.01 0.3 0.04831999 0.4820233 0.03432711 0.01560067 0.2706255 52.93191 22.95185 71.43364 0.05499622 5.076535e-06 0.5703289 32916.02 24.71321 214689.3 0.05187863 2.561489e-05 0.7632351 7328.374 39.06324 43728.56 0.03344132 1.023488e-05 0.4488872 21103.51 37.56821 108856
runs_dat/SET6/REP_5 18.13 0.01 0.3 0.02563302 0.5475983 0.04395868 0.0103471 0.3959976 74.99833 23.72149 111.6357 0.02526369 1.043928e-05 0.407876 14127.77 32.36526 103372.5 0.0370507 6.628197e-05 0.3728676 3304.145 49.85821 17796.24 0.06916176 2.109748e-05 0.8413079 14931.95 45.36003 53665.98
runs_dat/SET6/REP_6 13.97 0.01 0.3 0.03292502 0.4109145 0.02533042 0.009318604 0.2239765 84.81188 19.93932 120.7853 0.02361637 4.414825e-06 0.3891192 44019.88 63.4918 242837.4 0.02804823 7.515621e-06 0.3454329 24424.45 39.93566 145989.4 0.009882531 6.314473e-06 0.1517487 84985.69 44.81079 168995.9
runs_dat/SET6/REP_7 12.15 0.01 0.3 0.06214329 0.5429633 0.04762961 0.009082612 0.5016152 85.3121 30.1874 136.6324 0.04859781 3.654656e-05 0.738288 6135.329 50.13999 32361.26 0.07762611 4.545039e-05 0.6391259 4316.701 21.93517 25723.56 0.07745032 6.582456e-06 1.196625 34133.05 36.11788 179739.7
runs_dat/SET6/REP_8 20 0.01 0.3 0.08558769 0.5403573 0.04606901 0.01215172 0.426187 63.09589 27.09067 93.56511 0.07119073 7.805182e-06 0.9369043 18261.8 32.65745 147697.1 0.03771066 6.763889e-06 0.4098283 37043.24 39.46813 155046.4 0.04882631 3.287902e-05 0.6244634 5704.862 45.25243 34509.03
runs_dat/SET6/REP_9 16.81 0.01 0.3 0.0299298 0.4840269 0.05672097 0.01007177 0.5836847 72.71154 29.19437 103.6865 0.02434926 3.775104e-06 0.3733961 39679.67 42.25635 269120.2 0.05520028 2.734677e-05 0.7265291 9316.927 29.85736 37310.82 0.06321126 3.848038e-06 0.757459 53244.7 49.20727 263091.1
runs_dat/SET7/REP_1 1.47 1e-04 0.01 0.0002567476 0.6351038 7501 376 14626 7496.502 376 14616 7501 376 14626 7501 376 14626 7501 376 14626 7499.809 376 14624 7501 376 14626 7498.633 376 14622
runs_dat/SET7/REP_10 1.23 1e-04 0.01 0.0001721023 0.6482786 6851.595 355 13275 7436.782 374 14519 7429.597 367 14443 7496.713 375 14621 7031.285 341 13668 7491.076 376 14605 7282.399 358 14141 7490 375 14611
runs_dat/SET7/REP_2 1.24 1e-04 0.01 0.000147715 0.2872081 0.004167473 0.001467992 0.003939372 5.248698 2.891383 9.111809 0.0005423784 3.054046e-06 0.0004531996 2176.044 25.53485 4061.978 0.001203415 1.750649e-05 0.0007688216 147.3304 15.09173 695.6056 0.0003498608 7.909507e-06 0.0008286529 422.593 14.25893 1597.684
runs_dat/SET7/REP_3 1.25 1e-04 0.01 0.0001855972 0.4951925 0.001923656 0.0006452476 0.003019422 7.968803 3.901385 17.28004 0.0006220075 4.772643e-05 0.001235919 55.42019 8.64188 225.8015 0.0005430868 2.146757e-05 0.0008439381 93.83695 12.42666 505.2496 0.0007466062 1.234216e-05 0.001194861 146.3577 9.266417 901.478
runs_dat/SET7/REP_4 1.25 1e-04 0.01 0.0002057725 0.7050272 0.007086281 0.001178978 0.003545202 5.787095 3.274981 10.301 0.0006666128 4.735985e-06 0.0006519684 359.7721 15.38906 2307.288 0.0006080646 5.642191e-06 0.0004572943 356.4285 23.44304 1929.328 0.000744907 7.363772e-06 0.0005121263 565.4405 19.34355 1431.241
runs_dat/SET7/REP_5 1.06 1e-04 0.01 0.0003081876 0.5174839 0.002516301 0.0008109265 0.003383592 6.014897 2.880591 12.56012 0.0006497724 1.637822e-05 0.0009961924 101.6226 9.057871 597.6839 0.000517146 1.181926e-05 0.0008895201 125.8629 10.25644 818.2719 0.001787068 4.164145e-06 0.0004644625 392.3093 20.22862 2313.146
runs_dat/SET7/REP_6 1.16 1e-04 0.01 0.0001945962 0.6704846 0.004346552 0.002111413 0.006488614 4.269259 2.530557 7.364652 0.0003847962 7.026462e-06 0.000514429 323.3302 26.35111 2065.66 0.002075038 4.103019e-05 0.001026642 61.96906 12.60604 340.2655 0.002653677 5.6337e-06 0.0006384895 400.5074 21.90621 2457.706
runs_dat/SET7/REP_7 1.11 1e-04 0.01 0.0001764686 0.8834787 0.003003918 0.001359554 0.004175507 5.179873 3.023278 9.26967 0.001221196 3.41835e-05 0.001446398 79.68818 8.276431 342.7283 0.002446933 6.577769e-05 0.001423957 42.94208 8.333388 182.6195 0.001322441 8.870343e-05 0.00184512 29.44918 6.407049 134.6057
runs_dat/SET7/REP_8 1.36 1e-04 0.01 0.0001572042 0.769543 0.002197347 0.001011093 0.002985345 6.507 3.812436 11.43682 0.001399357 0.0002472652 0.00155122 15.69825 6.383797 42.1446 0.0007397022 3.052784e-05 0.000992644 65.16487 10.08127 327.5151 0.0004587099 6.719839e-06 0.0005547032 653.0019 17.6862 1550.779
runs_dat/SET7/REP_9 1.28 1e-04 0.01 0.000134054 0.8612141 0.002879756 0.001539557 0.003815508 3.815161 2.413006 6.309866 0.0002136288 5.473517e-06 0.0003865381 257.0938 20.44006 1453.585 0.03869046 1.637999e-05 0.03531135 92.0884 10.79625 555.2223 0.00148252 2.773105e-05 0.0008642974 63.67002 9.283127 302.9911
runs_dat/SET8/REP_1 6.95 1e-04 0.01 0.0001048077 0.9856974 7501 376 14626 7498.212 375 14619 7501 376 14626 7500.385 376 14623 7501 376 14626 7500.425 376 14625 7501 376 14626 7501 376 14626
runs_dat/SET8/REP_10 7.01 1e-04 0.01 0.0001104344 0.9919741 7009.182 353 13577 7498.478 375 14622 7391.643 368 14351 7501 376 14626 7269.526 360 14109 7500.235 376 14625 7401.443 370 14405 7501 376 14626
runs_dat/SET8/REP_2 8.1 1e-04 0.01 0.0001123885 0.9452386 0.005206732 0.0002853735 0.04641885 25.08313 14.48238 41.23416 0.001751901 3.356574e-07 0.0001006771 6756.969 140.2416 33031.25 0.0009611342 1.410638e-06 0.0001152961 1457.86 100.5362 8117.085 0.0001359391 4.423417e-07 6.626868e-05 4167.327 159.4226 26861.94
runs_dat/SET8/REP_3 9.68 1e-04 0.01 0.0001022857 0.9852673 0.001495298 0.0002326199 0.0005775105 35.25772 22.92037 55.61107 0.01799526 7.864568e-06 0.006493027 351.5167 60.40383 1462.778 0.00185698 1.425947e-06 0.0001067615 2398.016 117.9443 8384.352 0.02544015 8.900531e-06 0.0002120201 328.7195 60.75999 1308.528
runs_dat/SET8/REP_4 9.41 1e-04 0.01 0.0001001981 0.9962203 0.05310784 0.0001143102 0.06729298 48.76613 22.40444 107.2511 0.0004655666 2.110811e-06 0.0001452922 838.1724 79.21406 4862.74 0.0008840647 5.661064e-07 0.0001214186 3293.548 101.9654 18672.04 0.0003081153 1.43252e-06 0.0001209926 1091.351 86.72675 7194.135
runs_dat/SET8/REP_5 8.86 1e-04 0.01 0.0001130826 0.9829716 0.001313354 0.000266194 0.0007213372 28.92608 17.75771 48.21387 0.0007456372 3.973112e-06 0.0001532479 1003.637 72.4204 2915.857 0.004116524 1.381097e-05 0.0002028233 221.9683 57.16436 877.6812 0.000850814 2.331339e-06 0.000135163 923.8863 91.51462 5084.519
runs_dat/SET8/REP_6 7.21 1e-04 0.01 0.0001039488 0.9927856 0.001208438 0.0001778492 0.0005102223 33.56661 17.9776 61.48458 0.001619738 1.553976e-05 0.0001964375 186.9666 49.00117 667.8336 0.003644215 1.004605e-06 0.0001236591 1733.222 82.60465 10579.02 0.0007181031 7.147045e-07 7.933086e-05 2547.981 126.5798 14327.15
runs_dat/SET8/REP_7 7.36 1e-04 0.01 0.000108668 0.9623411 0.01150499 0.000197217 0.0006154776 34.56588 20.32176 60.7606 0.009126664 4.772968e-06 0.0001716793 581.1952 73.25488 2284.929 0.002961848 5.61978e-07 0.000107063 4093.428 112.0343 20280.8 0.0002834018 1.313628e-06 0.0001164462 1468.091 92.50423 8362.414
runs_dat/SET8/REP_8 9.96 1e-04 0.01 0.0001046636 0.9911785 0.01404235 0.0001630531 0.02755945 38.27304 23.13807 65.70831 0.001148042 2.903572e-06 8.155364e-05 687.8751 108.0336 3250.151 0.000472064 5.077326e-07 4.802471e-05 3051.851 188.1094 18603.92 0.002646959 3.081609e-07 8.329466e-05 8188.983 152.0217 30592.85
runs_dat/SET8/REP_9 6.84 1e-04 0.01 0.0001340969 0.9350752 0.000815836 0.0001571258 0.0005757339 29.93497 15.50278 60.61518 0.002888045 1.142517e-06 0.0001618626 1217.879 72.62063 7858.566 0.0003141925 7.650494e-06 0.0001775145 252.1159 46.64238 1164.071 0.0007785565 1.552476e-06 0.0001357572 841.4615 63.37846 5863.472
runs_dat/SET9/REP_1 17.51 1e-04 0.01 0.0001046559 0.9937393 7501 376 14626 7489.035 375 14610 7501 376 14626 7495.759 375 14620 7501 376 14626 7499.282 375 14624 7501 376 14626 7500.249 376 14625
runs_dat/SET9/REP_10 17.44 1e-04 0.01 0.0001023647 0.9955961 7323.585 361 14236 7487.762 376 14606 7316.719 372 14198 7498.144 375 14622 7409.359 365 14441 7500.266 376 14625 7400.21 364 14394 7498.723 376 14623
runs_dat/SET9/REP_2 12 1e-04 0.01 9.583369e-05 0.9957144 0.02018995 0.0002560338 0.2590701 29.96735 18.20974 50.5763 0.0005608643 3.209085e-06 0.0001197199 610.9606 82.75384 3044.491 0.00229813 1.251341e-06 9.768765e-05 1966.768 92.99881 7406.724 0.0003944919 6.726649e-06 0.0001500856 315.2002 59.79331 1502.282
runs_dat/SET9/REP_3 10.75 1e-04 0.01 0.0001119269 0.9609824 0.001448244 0.000162401 0.0005583972 35.7157 18.45743 69.02525 0.001031619 9.06816e-07 9.213664e-05 1738.388 107.0985 11417.42 0.00234742 1.700127e-06 0.002145543 857.2931 75.86253 6122.044 0.0009986339 6.853346e-06 0.0001694983 331.2118 59.03084 1566.367
runs_dat/SET9/REP_4 17.16 1e-04 0.01 0.0001001871 0.9868082 0.001913949 0.0001283762 0.000439659 56.24531 33.24663 103.1116 0.0005013403 1.394785e-06 0.0001040258 1310.936 121.3267 8912.397 0.001581569 3.484685e-06 0.0001426217 672.0847 95.49581 3495.998 0.001622506 8.742803e-07 8.719832e-05 2145.486 129.8103 13640.99
runs_dat/SET9/REP_5 10.92 1e-04 0.01 0.0001080316 0.983361 0.0004835026 0.0001219583 0.0004229414 53.79531 27.29602 99.76772 0.0002532412 2.896286e-07 4.136989e-05 6619.204 260.793 37995.1 0.007318767 4.451887e-06 0.0001261504 588.8709 105.3326 2692.642 0.0009853551 6.120435e-06 0.0001085375 502.2185 99.10845 1927.901
runs_dat/SET9/REP_6 19.83 1e-04 0.01 0.000104588 0.9950792 0.0007761214 0.000117783 0.0002945824 61.84732 40.18625 101.0716 0.01213258 8.206121e-07 0.0235215 2598.622 131.8582 12846.32 0.006493388 3.985731e-06 0.0001219863 541.021 99.15443 2535.386 0.006004954 2.017292e-06 9.680413e-05 851.2096 111.2065 5350.639
runs_dat/SET9/REP_7 14.65 1e-04 0.01 0.0001178226 0.9445031 0.0005346849 0.0001372584 0.0004691675 42.97464 24.7697 81.63397 0.009112917 1.120442e-06 0.1090184 2061.197 108.869 8696.583 0.001175804 2.653185e-05 0.0002404663 120.379 41.35539 385.7518 0.00151111 4.640333e-07 6.764553e-05 3780.382 147.9527 20122.72
runs_dat/SET9/REP_8 16.92 1e-04 0.01 9.822344e-05 0.9933608 0.00257973 0.0001576632 0.0004696927 45.81536 28.10433 75.80993 0.0001830952 5.487398e-07 4.277269e-05 3241.116 242.7919 19401.87 0.0009224226 3.639294e-07 5.280563e-05 5082.344 196.2789 30557.32 0.01941821 4.068045e-07 0.002437218 7783.806 175.2887 27688.32
runs_dat/SET9/REP_9 18.14 1e-04 0.01 0.0001111711 0.9853504 0.0008944649 0.0001322071 0.0003582091 54.72353 28.9582 97.19425 0.002594763 8.664372e-07 7.751334e-05 5296 148.5988 13679.43 0.009497644 1.006445e-06 0.03248076 2316.556 135.5244 11694.06 0.001338741 2.163994e-07 3.822174e-05 28760.55 284.6011 50552.97
