SET37/REP_1 35.47 1e-04 0 9.999488e-05 0.9999999 0.0001183734 8.233761e-05 0.0001544646 113.1439 76.40437 173.6516 5.912258e-06 3.853774e-07 1.60274e-05 6471.463 763.52 37375.57 3.239762e-06 1.032057e-07 1.04426e-05 29467.2 1210.568 132631.8 4.462557e-06 2.003105e-07 1.439216e-05 12175.04 900.8725 75607.73 7.366252e-06 6.227318e-07 1.936903e-05 6317.631 659.4864 22386.29
SET37/REP_10 38.21 1e-04 0 0.0001000007 0.9999999 8.690685e-05 6.060188e-05 0.0001157853 132.3963 94.56664 191.0686 1.678902e-06 1.708135e-08 6.201403e-06 76027.79 1695.389 579146.9 4.274777e-06 2.14772e-07 1.224352e-05 7831.363 870.3605 52332.38 4.42487e-06 1.438502e-07 1.235265e-05 15004.97 835.5068 75728.31 2.861794e-06 8.324893e-08 9.531001e-06 22534.3 1075.06 131887
SET37/REP_2 55.61 1e-04 0 9.999483e-05 0.9999999 0.0001319363 0.0001012543 0.0001647005 83.5157 66.96568 107.8544 1.248564e-05 1.142304e-06 3.928598e-05 4420.441 318.3823 11679.59 5.088843e-06 2.685403e-07 1.535462e-05 12714.02 842.7965 49233.41 2.693056e-06 1.6836e-07 1.017528e-05 15486.67 1348.238 80911.73 5.889354e-06 3.819986e-08 2.010935e-05 35336 634.888 384567.2
SET37/REP_3 49.91 1e-04 0 0.0001000009 0.9999999 0.0001392881 9.24098e-05 0.0002065957 89.51307 65.19821 127.9729 9.306897e-06 5.649431e-07 2.52392e-05 3428.215 444.7394 19065.29 9.069495e-06 9.386254e-07 2.351728e-05 2862.884 437.6779 13059.57 1.478259e-05 2.108107e-06 3.345288e-05 1408.454 325.7112 5672.361 4.643537e-06 3.084127e-07 1.325585e-05 11921.09 817.2914 40164.29
SET37/REP_4 37.91 1e-04 0 0.0001000086 0.9999999 9.378045e-05 6.117007e-05 0.0001308646 106.5486 72.47926 164.0753 2.993139e-06 1.714917e-07 1.032065e-05 10047.41 877.073 54464.18 4.371175e-06 2.021097e-07 1.314956e-05 8191.542 687.8167 45226.25 5.702816e-06 3.719972e-07 1.71375e-05 4716.513 514.1416 25535.99 2.013783e-06 4.672748e-08 7.367815e-06 25721.86 1226.792 191333.8
SET37/REP_5 39.89 1e-04 0 0.0001000008 0.9999999 0.0001177617 7.82195e-05 0.0001650333 100.7698 67.10569 149.9967 9.047542e-06 1.616846e-07 2.289296e-05 6829.637 414.8511 62886.2 4.941e-06 2.472725e-07 1.716931e-05 7745.078 548.8469 40706.46 5.214835e-06 1.320777e-07 1.751247e-05 10201.93 560.5205 76462.81 1.79821e-05 4.24635e-06 3.732555e-05 842.5244 245.7994 2594.716
SET37/REP_6 41.08 1e-04 0 9.999436e-05 0.9999999 0.0001469355 0.0001037995 0.0001943523 92.3027 70.31778 127.5494 1.009504e-05 6.561296e-07 2.807475e-05 3420.04 447.1587 19561.68 9.38754e-06 4.548273e-07 2.851559e-05 5078.427 423.6637 26443.42 6.504704e-06 2.393622e-07 1.981086e-05 8397.909 633.8252 54099.57 1.763473e-05 2.600142e-06 3.796988e-05 1133.888 316.0794 4859.833
SET37/REP_7 43.39 1e-04 0 0.0001000025 0.9999999 9.343252e-05 6.421593e-05 0.000124541 128.5215 80.13264 199.8901 1.45094e-05 7.468722e-07 3.168517e-05 21467.76 340.8569 14307.45 3.450702e-06 6.450475e-08 1.087588e-05 22102.32 1011.45 184120.5 3.768287e-06 1.200493e-07 1.167381e-05 15816.38 934.049 100253.8 5.792941e-06 3.483543e-07 1.582621e-05 5495.734 661.5795 36417.78
SET37/REP_8 58.07 1e-04 0 9.999573e-05 1 0.0001033321 7.315693e-05 0.0001388085 102.585 76.97496 143.9947 3.301695e-06 2.480874e-07 1.14182e-05 7585.943 862.5029 40576.61 9.092656e-06 1.218566e-06 2.037045e-05 1943.086 440.9441 8765.047 4.726826e-06 2.283404e-07 1.444502e-05 7045.712 635.0776 40526.45 5.238323e-06 2.013864e-07 1.915292e-05 7027.916 480.6879 47562.52
SET37/REP_9 35.24 1e-04 0 9.99975e-05 0.9999999 0.0001129018 7.112376e-05 0.0001565534 94.14424 63.92406 144.0756 8.896767e-06 2.888975e-07 2.588307e-05 4825.805 369.6556 35336.65 6.092205e-06 3.3228e-07 1.91377e-05 5028 502.7359 30308.29 1.328253e-05 9.42428e-07 3.279987e-05 2178.689 282.6807 9710.953 8.179763e-06 3.668922e-07 2.22755e-05 3746.475 414.0553 26370.01
SET38/REP_1 37.84 1e-04 0.01 9.972895e-05 0.9978767 0.0001087883 6.342525e-05 0.0001565903 108.3573 71.58657 179.0385 7.865761e-06 5.718394e-07 1.995455e-05 3678.271 520.1761 18569.54 3.509033e-06 9.091057e-08 1.060617e-05 18623.84 960.2837 122675 5.473481e-06 2.241904e-07 1.666675e-05 6618.458 620.8482 46275.51 3.151928e-06 4.194768e-08 1.242429e-05 85616.23 819.0011 259506.9
SET38/REP_10 46.43 1e-04 0.01 0.0001012834 0.99916 0.0001277083 9.517579e-05 0.0001642491 78.8646 63.05345 103.5802 2.390544e-06 7.219225e-08 8.20006e-06 22148.8 1256.109 143870.1 2.07468e-06 8.36545e-08 7.522209e-06 21048.35 1328.619 123300.7 5.517367e-06 1.861469e-07 1.717964e-05 10802.49 572.8565 58384.52 5.119689e-06 2.859765e-07 1.460685e-05 7154.853 673.906 39199.01
SET38/REP_2 43.65 1e-04 0.01 0.000102283 0.9988297 0.0001253289 8.873874e-05 0.0001673868 87.38205 65.92622 119.9242 2.564668e-06 7.941404e-08 8.625322e-06 19236.8 1176.04 134823.6 3.969498e-06 5.632205e-08 1.434514e-05 39823.72 775.4955 167886.8 1.07246e-05 5.51377e-07 2.49945e-05 2961.37 395.928 18691.16 3.941815e-06 2.324219e-07 1.199204e-05 8413.888 873.1405 45263.8
SET38/REP_3 55.69 1e-04 0.01 0.0001019307 0.9981589 0.0001013509 6.698017e-05 0.0001417724 103.225 73.48035 151.1189 2.975492e-06 6.97572e-08 1.03711e-05 20255.86 992.874 142822.8 2.099092e-06 4.781097e-08 7.098096e-06 26763.02 1345.569 203935.3 1.935799e-06 6.912274e-08 6.565982e-06 24557.76 1538.2 144400.3 4.608723e-06 6.551171e-08 1.521287e-05 36161.72 664.4284 159650.3
SET38/REP_4 48.56 1e-04 0.01 0.0001010807 0.9996955 0.0001103309 7.95791e-05 0.0001443974 106.3624 80.44206 144.6905 2.067395e-06 6.502217e-08 7.249681e-06 31330.43 1503.4 201919.2 3.331263e-06 8.510341e-08 1.172914e-05 20893.03 985.9424 140056.4 4.922318e-06 1.767141e-08 1.544945e-05 104020.1 775.6751 704232.7 3.895027e-06 1.314073e-07 1.374346e-05 16130.79 883.7066 97960.67
SET38/REP_5 40.57 1e-04 0.01 0.0001023035 0.9960829 0.0001623107 0.0001217967 0.0002073291 75.52266 59.96132 97.91302 5.263745e-06 4.410071e-07 1.476854e-05 6485.842 899.2784 29119.79 9.859995e-06 1.368186e-06 2.532426e-05 2377.42 477.4505 10176.8 2.763131e-06 1.096032e-07 9.759344e-06 20452.06 1322.618 133121.6 2.388997e-06 3.945981e-09 9.168294e-06 1112435 1446.507 3460479
SET38/REP_6 40.53 1e-04 0.01 0.0001037052 0.998405 8.844286e-05 6.068357e-05 0.0001215529 108.1166 78.98369 155.2222 2.425997e-06 6.691024e-08 8.393878e-06 17759.9 901.3493 119650.1 3.700487e-06 1.104824e-07 1.149623e-05 10794.79 653.3315 68493.89 2.643353e-06 9.734533e-08 8.564368e-06 13782.23 825.5684 79581.23 1.723998e-06 9.474906e-08 5.714089e-06 14871.77 1289.941 79623.08
SET38/REP_7 36.34 1e-04 0.01 0.0001002432 0.999727 8.921679e-05 6.06537e-05 0.0001202975 106.272 72.81601 157.2517 7.119844e-06 2.837107e-07 2.072921e-05 4390.378 411.5925 31239.11 6.734115e-06 2.825641e-07 2.035315e-05 4867.536 410.741 32576.12 3.910254e-06 1.469439e-07 1.214523e-05 8430.064 676.8108 58273.31 1.250901e-05 3.107199e-06 2.387492e-05 966.5587 348.0721 2857.438
SET38/REP_8 53.58 1e-04 0.01 0.0001011951 0.9996995 0.0001196106 8.575753e-05 0.0001550585 113.8405 86.32738 156.62 3.653267e-06 9.334977e-08 1.093476e-05 25177.79 1112.119 131628.3 1.20214e-05 9.648823e-07 3.114271e-05 2959.163 379.3886 12342.16 6.359546e-06 2.915925e-07 1.797448e-05 6956.676 689.4231 40089.97 6.729335e-06 4.081903e-07 1.777914e-05 5557.15 656.6573 29078.98
SET38/REP_9 44.34 1e-04 0.01 0.0001046085 0.9958572 0.0001238624 9.093504e-05 0.0001611557 87.53303 63.46138 124.9148 2.700406e-06 7.323124e-08 9.908409e-06 19433.86 973.9239 158963.6 4.047632e-06 1.635275e-07 1.231069e-05 10269.01 862.4557 73425.11 7.141291e-06 1.559852e-07 1.930706e-05 11116.09 510.1233 70734.51 2.645054e-06 6.75947e-08 9.119816e-06 89450.81 1146.292 158315.3
SET39/REP_1 43.53 1e-04 0.1 0.0001356096 0.814145 9.100892e-05 5.963938e-05 0.0001243847 117.0285 84.14986 172.0183 3.65348e-06 1.635392e-07 1.162855e-05 15913.56 743.1797 55155.59 5.883654e-06 3.009403e-07 1.652332e-05 5386.017 523.46 30168.27 2.369496e-06 7.772065e-08 8.227708e-06 17545.49 1052.77 116210.8 3.309072e-06 1.736666e-07 9.552884e-06 9807.824 912.7198 50458.54
SET39/REP_10 51.51 1e-04 0.1 0.0001074662 0.8340142 0.0001216611 8.274051e-05 0.0001745096 92.76405 61.91313 138.4275 6.52115e-06 1.624041e-07 1.951226e-05 11491.72 518.9888 73821.87 6.236717e-06 5.433972e-08 2.239161e-05 24505.05 459.9387 188367.9 6.875314e-06 2.711243e-07 1.785596e-05 5964.716 559.5693 38705.67 5.465002e-06 2.046163e-07 1.78885e-05 8374.474 573.181 51205.94
SET39/REP_2 42.2 1e-04 0.1 0.0001279658 0.9121533 8.90098e-05 5.21095e-05 0.0001411991 103.6019 64.51206 177.2087 2.922009e-06 8.720329e-08 1.033658e-05 16789.69 765.4222 105219 1.941378e-06 7.605353e-08 7.958236e-06 23332.19 1130.136 131756.8 4.121743e-06 1.836282e-07 1.307061e-05 14662.05 635.8842 43509.76 4.454448e-06 1.529389e-07 1.654281e-05 11640.45 512.9413 61584.83
SET39/REP_3 36.58 1e-04 0.1 0.0001167397 0.9692112 9.441989e-05 6.568802e-05 0.0001271282 119.7638 84.79007 176.3854 3.305267e-06 1.057822e-07 9.612532e-06 43289.34 1179.675 116957.8 7.47115e-06 3.094699e-07 2.355046e-05 10744.74 481.5758 36851.26 6.118682e-06 3.779005e-07 1.727665e-05 5777.784 629.7816 33132.28 4.470232e-06 2.493794e-07 1.317777e-05 10376.69 854.4076 49187.54
SET39/REP_4 54.46 1e-04 0.1 0.0001406404 0.8398774 0.0001258235 9.209938e-05 0.0001639586 86.11658 67.90437 117.7573 2.901256e-06 8.334054e-08 1.005096e-05 23003.12 998.5611 130557.9 5.022068e-06 4.137984e-07 1.651704e-05 5982.791 690.011 30439.48 2.203762e-06 8.982793e-08 7.607571e-06 18174.88 1388.797 110989.4 1.794886e-05 2.664714e-06 4.284775e-05 1158.471 261.0507 4629.643
SET39/REP_5 43.35 1e-04 0.1 0.0001429638 0.8996287 0.0001119907 8.052622e-05 0.0001459871 106.7476 79.55407 148.8004 6.581621e-06 2.522978e-07 1.831126e-05 6706.538 593.1613 45975.28 4.71943e-06 3.518609e-08 1.688377e-05 62257.69 666.4961 350224.5 3.332566e-06 2.109957e-07 9.726815e-06 11266.1 1150.183 60820.77 3.818075e-06 1.338485e-07 1.156462e-05 13584.65 936.017 91415.71
SET39/REP_6 56.06 1e-04 0.1 0.0001046395 0.938719 0.0001155037 8.729022e-05 0.0001496799 92.47961 70.37467 124.9914 2.068692e-05 5.459159e-06 4.047304e-05 703.8486 261.5818 2045.478 7.516375e-06 2.342763e-07 2.054277e-05 10381.68 507.4761 46653.13 9.950408e-06 1.127609e-06 2.334258e-05 2065.655 446.6362 9398.574 3.051001e-06 2.094449e-07 9.806833e-06 10890.25 1098.209 57947.22
SET39/REP_7 42.27 1e-04 0.1 0.0001245362 0.8309952 0.0001158687 7.625716e-05 0.0001673858 92.88335 63.05337 141.2882 6.573188e-06 5.237962e-07 1.802707e-05 3486.323 496.944 19952.01 6.220845e-06 3.069461e-07 1.797235e-05 5901.164 518.3744 31829.93 3.500761e-06 1.899092e-07 1.033777e-05 8705.765 872.3021 50802.14 1.754006e-05 5.313323e-06 3.190594e-05 667.0869 274.1851 1849.564
SET39/REP_8 43.87 1e-04 0.1 0.0001198917 0.9519899 0.0001388688 0.0001038549 0.0001769367 95.006 73.29585 128.4371 7.320733e-06 1.555873e-07 2.29755e-05 10613.53 595.8615 78387.39 6.095057e-06 2.566489e-07 2.072143e-05 9849.32 629.8133 57433.55 2.5692e-05 6.866724e-06 4.692443e-05 707.7624 260.1177 2227.494 1.123444e-05 3.819373e-07 3.10742e-05 5789.035 445.6148 34939.39
SET39/REP_9 37.26 1e-04 0.1 0.0001175745 0.8999364 0.0001316938 9.231026e-05 0.0001742047 101.8233 72.30625 147.816 3.617637e-06 1.393537e-07 1.234982e-05 20604.78 1102.737 103177 1.294931e-05 6.643508e-07 3.349111e-05 4120.069 349.8539 21102.58 5.33016e-06 1.341822e-07 1.846847e-05 14560.17 789.23 104606.7 4.652726e-06 1.560648e-07 1.801361e-05 15941.84 773.9414 85919.49
SET40/REP_1 36.4 0.001 0 0.0009999916 1 0.001057465 0.0009108842 0.001215754 96.79876 84.63152 112.0403 2.590538e-05 1.479927e-06 7.334271e-05 12627.44 1490.381 71266.77 3.049263e-05 1.91588e-06 8.447427e-05 10644.72 1334.967 60679.3 1.726821e-05 8.544124e-07 5.086661e-05 20122.56 2032.641 134091.6 1.912682e-05 9.084783e-07 6.061531e-05 20616.77 1657.313 120099
SET40/REP_2 36.46 0.001 0 0.001 0.9999999 0.001243076 0.001071098 0.001431093 88.04496 76.66873 101.4454 1.346046e-05 2.901043e-07 4.513387e-05 77560.97 2759.726 462394.6 2.221903e-05 1.939936e-06 7.52622e-05 14135.05 1482.903 60871.7 5.031585e-05 4.286589e-06 0.0001170137 6004.155 862.6279 35964.59 1.832668e-05 3.400003e-07 6.178354e-05 49391.63 2037.414 325521.1
SET40/REP_3 52.2 0.001 0 0.001000006 1 0.0009943421 0.0008470027 0.001140587 102.5007 86.09895 122.6712 4.753474e-05 2.527847e-06 0.0001135294 9757.844 875.0112 37480.88 1.624935e-05 5.62367e-07 5.673049e-05 25213.7 1716.542 171366.3 3.526809e-05 2.023616e-06 9.901427e-05 8285.571 975.4504 48509.52 3.369852e-05 1.80616e-06 9.557847e-05 8299.299 1025.248 51409.93
SET40/REP_6 59.08 0.001 0 0.0009999561 0.9999999 0.001061815 0.0009310667 0.001199075 98.13947 83.16655 115.4251 2.594979e-05 8.828922e-07 9.123923e-05 21540.88 1347.624 126543.9 4.958471e-05 2.837776e-06 0.0001405786 6688.746 704.0704 38516.47 1.389155e-05 6.268123e-07 4.381806e-05 34562.84 2382.048 206070.5 4.011755e-05 1.855977e-06 0.0001315405 11621.26 936.2058 72737.56
SET40/REP_7 46.24 0.001 0 0.001000015 0.9999999 0.0009315185 0.0007760202 0.001094257 108.1177 91.64266 129.109 1.567181e-05 7.8674e-07 5.257834e-05 23924.02 1985.664 149571 7.900112e-06 1.72108e-07 2.960153e-05 103570.8 3589.9 594822.7 4.151477e-05 3.213143e-06 0.0001118928 6179.337 870.1141 32828.82 1.477216e-05 3.523958e-07 4.531971e-05 43174.15 2467.469 308616.4
SET40/REP_8 43.79 0.001 0 0.001000002 1 0.0009621537 0.0008211181 0.001121901 104.0096 88.52103 122.0896 8.342129e-06 4.172184e-07 3.082043e-05 45623.01 3520.657 267141.6 1.757108e-05 1.144132e-06 4.96385e-05 17484.99 2044.261 92340.29 3.792332e-05 2.510044e-06 0.0001262638 8222.252 839.8731 48303.68 9.584772e-06 1.615744e-07 3.88982e-05 84141.34 2845.726 611052.2
SET40/REP_9 40.4 0.001 0 0.0009999895 0.9999999 0.0009418397 0.0008085893 0.001077285 100.3395 88.27054 114.6476 1.749054e-05 1.168512e-06 4.646841e-05 15443.19 2110.594 82368.57 1.1916e-05 1.731856e-07 3.90767e-05 80362.61 2469.221 546231.2 8.766498e-06 5.201447e-08 2.786618e-05 227285.7 3315.847 2035148 7.289587e-06 3.064288e-07 2.350405e-05 62494.63 4054.996 312608.1
SET41/REP_1 59.16 0.001 0.01 0.001013606 0.9973699 0.001147026 0.0009937002 0.001300056 92.70276 83.475 104.061 3.277251e-05 4.282937e-06 7.463279e-05 6697.43 1285.919 24633.41 1.102624e-05 4.913238e-07 3.346501e-05 30928.78 2856.75 226267.7 1.213848e-05 3.777963e-07 3.891836e-05 41824.91 2620.851 271444.5 5.795948e-05 8.137442e-06 0.0001300553 3488.034 728.8525 13226.74
SET41/REP_2 40.08 0.001 0.01 0.001079967 0.9861303 0.0009678671 0.0008142467 0.001121305 101.669 85.81661 121.3418 2.297576e-05 1.025398e-06 6.058829e-05 15148.87 1772.975 105324.5 3.601185e-05 4.496776e-06 8.170288e-05 5664.953 1287.961 26264.61 5.537424e-06 3.631341e-08 1.995875e-05 658453.8 5524.495 4014957 1.280471e-05 1.283135e-07 4.308492e-05 112183.1 2506.177 896598.6
SET41/REP_3 48.43 0.001 0.01 0.0009982919 0.9987296 0.0009316641 0.0007719239 0.001083041 110.3202 87.75303 140.5209 2.78502e-05 3.571312e-06 6.901395e-05 7881.212 1565.479 31448.84 4.613478e-05 4.830842e-06 0.0001130315 5026.012 855.1261 25746.38 1.772439e-05 7.563057e-07 4.938735e-05 56005.45 2047.384 131770.9 4.67283e-05 8.177087e-06 9.603669e-05 3893.132 892.9416 13777.12
SET41/REP_4 36.96 0.001 0.01 0.001044503 0.9973071 0.001063389 0.0009241696 0.001206684 89.65985 78.32987 103.1084 1.52074e-05 4.77959e-07 5.092451e-05 39624.7 2124.288 265542.9 9.741496e-06 5.196103e-07 3.303404e-05 59716.87 2892.84 203537 1.66262e-05 8.920527e-07 5.685202e-05 17541.23 1755.506 94406.72 3.725908e-05 2.538254e-06 0.0001085029 7028.158 969.5572 43144.12
SET41/REP_6 35.81 0.001 0.01 0.001016044 0.9995604 0.001088392 0.0009372036 0.001258943 97.53456 83.45361 113.5923 1.855957e-05 2.365968e-07 5.879858e-05 46930.16 1401.794 452043.9 9.389598e-06 2.397116e-07 3.182192e-05 60451.06 2806.115 433696.7 1.59067e-05 6.706777e-07 4.671693e-05 39765.31 1996.596 164195.6 2.112329e-05 6.924288e-07 6.206675e-05 24367.58 1565.764 157236.9
SET41/REP_7 51.34 0.001 0.01 0.001020235 0.997606 0.00105312 0.000926544 0.001180407 94.58196 84.58344 106.4937 1.260929e-05 2.262333e-08 3.71186e-05 884524.1 2623.691 5938813 1.54891e-05 5.975644e-07 4.763631e-05 42701.43 2214.013 170330.6 2.611504e-05 1.000068e-06 7.796963e-05 19375.22 1419.132 101138.5 3.12235e-05 1.670404e-06 8.198374e-05 12965.77 1155.327 67955.25
SET41/REP_8 50.75 0.001 0.01 0.001031688 0.9983681 0.001014249 0.0008460863 0.001196033 100.5674 82.58873 121.7121 1.773024e-05 1.022588e-06 6.956666e-05 21245.12 1677.901 109555.1 5.750598e-06 1.192915e-07 2.229148e-05 112719.4 4633.793 861522.6 1.512691e-05 3.54836e-07 5.28615e-05 49013.1 1880.446 336889.2 3.51035e-05 4.684856e-06 8.250324e-05 5672.146 1144.042 23688.58
SET41/REP_9 39.18 0.001 0.01 0.001046212 0.9959973 0.001087334 0.000961396 0.001218681 95.31491 85.22067 107.3169 3.785359e-05 2.913351e-06 0.0001157717 8892.794 1069.303 40194.62 2.781751e-05 3.351615e-06 6.766396e-05 8075.09 1724.599 38259.64 8.246914e-06 3.663972e-07 2.778895e-05 57278.61 4123.082 330037.3 1.180613e-05 3.963804e-07 3.933426e-05 47456.84 3170.702 363649.1
SET42/REP_1 36.39 0.001 0.1 0.001436091 0.8779818 0.001011175 0.0008619408 0.001170243 104.061 87.10327 125.5744 3.373998e-05 2.857076e-06 0.0001010977 8346.015 976.6745 42511.76 2.91267e-05 1.457689e-06 8.463148e-05 17116.84 1272.344 84808.13 7.112258e-06 2.363146e-07 2.823863e-05 73688.46 3981.026 474509.2 3.266455e-05 2.474559e-06 8.535715e-05 10039.03 1304.779 49574.3
SET42/REP_2 35.21 0.001 0.1 0.001183951 0.8679442 0.001015888 0.0008619677 0.00116693 90.93744 78.71249 106.3467 2.690021e-05 1.248304e-06 7.974312e-05 12575.39 1171.719 77186.58 1.709384e-05 9.767978e-07 5.142495e-05 16352.08 1759.222 96831.73 1.305519e-05 1.92946e-07 4.949861e-05 78428.13 1891.744 465040.1 1.526702e-05 4.281568e-07 5.176445e-05 77957.71 1722.688 219273.8
SET42/REP_3 46.11 0.001 0.1 0.001169974 0.9144536 0.0009319453 0.0007816834 0.001093705 117.1725 97.78293 140.5874 1.348584e-05 2.649037e-07 4.481902e-05 52203.56 2362.874 410377.7 1.620821e-05 8.376326e-07 4.932165e-05 26053.12 1999.383 128873.4 1.043134e-05 6.964515e-07 3.629667e-05 28787.94 2733.077 156823.9 7.259033e-05 1.081826e-05 0.0001623663 2386.307 646.869 10721.52
SET42/REP_4 44.65 0.001 0.1 0.001373748 0.7890101 0.001055422 0.0009117833 0.001197462 98.48033 86.77512 113.5035 2.169159e-05 8.169677e-07 5.748266e-05 19990.1 1806.827 129527.1 2.775715e-05 9.970544e-07 7.243701e-05 54245.85 1498.159 118666.4 1.42862e-05 5.090705e-07 5.179676e-05 38743.95 2182.417 249993.3 3.342712e-05 1.943514e-06 8.996305e-05 11576.08 1228.141 59850.49
SET42/REP_6 45.88 0.001 0.1 0.001250461 0.9005834 0.001001749 0.0008844263 0.00112175 101.1216 91.46421 113.0197 1.946169e-05 5.590394e-07 5.684138e-05 35602.42 1783.424 198243.7 1.017574e-05 3.91678e-07 3.335128e-05 42615.28 3420.143 265737.8 8.651981e-06 2.498166e-07 2.830551e-05 67655.46 3704.282 439645.1 3.534527e-05 2.13607e-06 9.10827e-05 10887.74 1257.106 62355.88
SET42/REP_7 36.97 0.001 0.1 0.001192517 0.8194613 0.0008750265 0.0007323761 0.001019924 114.6316 98.47084 134.9622 2.011066e-05 7.415567e-07 5.342006e-05 17628.79 1786.646 129921.7 1.482505e-05 4.478379e-07 4.469159e-05 32565.03 2042.714 221994.3 1.657287e-05 1.470573e-06 4.747772e-05 14949.17 2068.025 66641.48 1.60593e-05 2.737592e-07 4.969367e-05 70678.11 1927.026 346383.3
SET42/REP_8 36.36 0.001 0.1 0.001260226 0.8955508 0.001035105 0.0008919046 0.001178709 97.54302 86.00606 112.5178 1.660622e-05 1.088075e-06 4.912604e-05 16675.5 2270.293 93527.62 1.419685e-05 4.794308e-07 4.637297e-05 32427.38 2460.697 229791.2 1.589786e-05 5.528142e-07 5.643023e-05 61196.92 1919.434 201187.3 1.789153e-05 5.020317e-07 5.873119e-05 37970.63 1713.837 234132.7
SET43/REP_1 38.78 0.01 0 0.009998614 0.9999999 0.01013407 0.009373097 0.01089713 102.7093 94.78325 111.4694 4.582019e-05 2.436666e-07 0.0001617368 425369.1 6543.421 4304437 8.21878e-05 2.986624e-06 0.0002911991 59836.32 3351.952 374238 6.741016e-05 5.492749e-06 0.0002275037 42471.93 4590.514 213876.3 1.076091e-05 2.616641e-07 3.758168e-05 478496.7 31228.41 4194100
SET43/REP_6 44.05 0.01 0 0.01000042 0.9999999 0.01009969 0.009405654 0.0108377 106.9033 97.73314 117.1915 6.630403e-05 5.080763e-06 0.0001966977 42087.56 4146.523 246324.3 6.019079e-05 4.120021e-06 0.0001947508 46759.45 3334.975 224143.6 5.807519e-05 2.519949e-06 0.0002137551 68426.81 5503.763 387285.7 7.747203e-05 2.506214e-06 0.0002517461 79405.57 3050.397 501004.2
SET44/REP_1 36.09 0.01 0.01 0.009994937 0.9982262 0.01013655 0.009266168 0.01098324 102.6755 94.6038 111.5393 0.0002650257 2.865559e-05 0.0006295903 6772.907 1393.224 31432.1 7.754611e-05 3.913352e-06 0.0002261266 36569.63 3679.329 255040.1 0.0002740172 3.117119e-05 0.000613758 7275.382 1369.365 31787.11 0.0001838332 1.116725e-05 0.0004605366 13157.43 1798.053 74023.64
SET44/REP_6 41.3 0.01 0.01 0.01007942 0.9987228 0.010523 0.00983681 0.01122306 95.52253 88.99 102.6914 0.0001158673 9.752431e-06 0.0002751359 22281.22 3968.693 96252.73 4.186265e-05 2.041642e-06 0.0001474835 99750.87 6911.637 584627.1 4.459617e-05 1.645641e-06 0.0001491756 101939.7 7170.835 750666.2 9.796547e-05 6.54801e-06 0.0002806095 29273.98 3725.162 180695.4
SET45/REP_1 43.61 0.01 0.1 0.01620281 0.8228018 0.01053882 0.0099295 0.01114967 90.36446 84.36427 96.93576 3.800614e-05 6.189773e-06 0.0001112906 54548.78 7409.774 233426.3 9.892021e-05 1.091531e-05 0.0002634443 22874.28 4242.476 109771.4 7.869624e-05 1.045125e-05 0.0002397249 28548.15 4215.775 108409.1 0.0001222798 4.750773e-06 0.0004244382 39864.67 2984.833 287793.5
SET45/REP_6 50.82 0.01 0.1 0.0137005 0.8738862 0.01074971 0.009689486 0.01184154 98.18182 88.20485 109.3512 9.851222e-05 1.399994e-05 0.0002718059 23619 3611.89 91827.82 8.156793e-05 3.027826e-06 0.0002542857 44415.01 4436.827 285235.7 0.0001081564 4.815637e-06 0.0003513676 32283.07 2695.555 224845.7 9.414308e-05 7.587513e-06 0.000297105 27198.4 2849.345 124043.6
SET46/REP_1 52.12 5e-04 0 0.0004999996 0.9999999 0.0004963365 0.0003868718 0.000620225 102.4613 81.30127 130.2641 2.289249e-05 1.830953e-06 5.887288e-05 5074.079 814.1292 28907.03 9.429784e-06 1.956654e-07 3.095891e-05 71561.24 1633.026 278662.8 9.105477e-06 2.475486e-07 2.804326e-05 25062.35 1651.521 179131.6 8.352293e-06 3.565073e-07 2.678706e-05 22693.09 1817.658 137032.3
SET46/REP_2 40.11 5e-04 0 0.0004999964 1 0.0006222451 0.000513986 0.0007316889 78.68583 67.46088 92.93688 1.624454e-05 9.719691e-07 5.522407e-05 9690.332 866.6878 49711.45 1.486221e-05 3.930417e-07 5.71899e-05 19353.52 823.2462 117634.6 2.838269e-05 4.045152e-07 8.373347e-05 17921.45 576.8888 115803.7 1.001385e-05 1.775805e-07 3.297742e-05 42010.21 1443.629 303118
SET46/REP_3 48.53 5e-04 0 0.0004999911 1 0.0004295697 0.0003414475 0.0005245678 107.6416 88.71034 134.072 1.839051e-05 1.055314e-06 4.745838e-05 8302.427 1043.891 46945.25 6.198708e-05 1.304568e-05 0.0001149346 1163.941 397.7915 3937.132 1.316113e-05 6.73405e-07 3.747315e-05 11714.39 1284.559 68173.84 8.652151e-06 3.777891e-07 2.702583e-05 18793.3 1733.452 133335
SET46/REP_4 41.14 5e-04 0 0.0004999803 0.9999999 0.0005565937 0.0004486081 0.0006629399 93.6257 77.27878 115.3053 1.521421e-05 4.028786e-07 4.637957e-05 25947.54 1159.771 146331.5 2.566408e-05 1.097741e-07 7.256504e-05 41746.49 725.2869 489243.8 1.430888e-05 4.770046e-07 4.662797e-05 17595.61 1178.986 117289.3 1.029475e-05 3.21249e-07 3.234963e-05 25146.04 1732.526 165143.7
SET46/REP_6 42.42 5e-04 0 0.0004999999 0.9999999 0.0005866706 0.0004867654 0.0006979751 90.99094 77.41238 107.0945 1.447275e-05 2.392383e-07 4.816514e-05 33203.11 911.8108 239833.2 2.434661e-05 2.05598e-06 5.641832e-05 4876.903 890.0071 24903.82 3.352405e-05 3.337572e-06 7.281798e-05 6025.908 689.9575 17585.44 1.254434e-05 8.078424e-07 3.985018e-05 13546.36 1335.102 74500.08
SET46/REP_7 40.13 5e-04 0 0.0004999703 1 0.0005052458 0.0004320636 0.000582027 88.85398 75.05963 105.6885 7.034904e-06 2.41591e-07 2.312282e-05 31496.13 2017.955 213839.5 1.045401e-05 2.25049e-07 3.19821e-05 34386.68 1555.995 223963 3.263264e-05 1.591589e-06 8.454236e-05 9315.838 562.0852 32663.78 2.013958e-05 1.718264e-06 4.928795e-05 5913.417 941.6251 33541.73
SET46/REP_8 47.96 5e-04 0 0.0004999862 1 0.0004907985 0.0004111062 0.0005706491 107.2534 92.24407 127.4181 3.070687e-05 2.276978e-06 7.414029e-05 4555.949 666.0538 27204.5 3.147639e-05 3.327156e-06 7.61052e-05 3304.932 651.6859 15255.25 2.379882e-05 9.042204e-07 6.118444e-05 8943.384 814.6373 57206.26 3.276116e-05 6.082578e-06 6.75253e-05 2379.569 749.9026 8522.942
SET46/REP_9 42.49 5e-04 0 0.0004999803 0.9999999 0.0006136645 0.0005109381 0.0007229572 95.67101 81.59057 113.1654 1.9981e-05 6.855159e-07 5.803768e-05 13408.37 1000.972 101141 1.911501e-05 9.718737e-07 5.360796e-05 10089.55 1151.769 65975.14 8.14691e-06 9.300736e-08 2.665739e-05 134314.4 2222.09 642503.6 4.363322e-05 6.487731e-06 9.360612e-05 2456.652 578.2057 9807.921
SET47/REP_1 48.96 5e-04 0.01 0.0005075783 0.9971144 0.0005295371 0.0004439998 0.0006196581 94.71192 77.71854 115.9329 6.405929e-06 1.666686e-07 2.085422e-05 41361.23 2691.811 290906.3 1.247793e-05 5.641627e-08 4.216577e-05 121341.6 1282.413 1061282 4.419079e-06 1.024818e-07 1.547844e-05 159881.2 3646.223 475601.3 6.484742e-06 1.844701e-07 2.220155e-05 42028.56 2311.736 287674.9
SET47/REP_2 53.54 5e-04 0.01 0.000495894 0.9993742 0.0004837928 0.0003944813 0.0005835781 100.2726 83.97426 120.0419 7.499647e-06 2.561002e-07 2.609341e-05 30902.38 1638.442 203552.3 5.047285e-06 1.535188e-07 1.661188e-05 68203.84 2819.936 324783.7 3.101745e-06 1.125287e-07 1.110811e-05 76018.69 4576.248 481612.4 1.395029e-05 1.071211e-07 3.790571e-05 85177.16 1106.152 442229.5
SET47/REP_3 48.95 5e-04 0.01 0.0005080482 0.9986428 0.0004471161 0.0003715518 0.0005201919 109.2419 94.08671 129.2151 4.757861e-06 7.786851e-08 1.844653e-05 94693.09 2845.531 700287.6 4.244284e-06 5.917975e-08 1.417607e-05 215991.7 3350.922 868986.2 5.84495e-06 2.851704e-07 1.992908e-05 33587.32 2642.041 180398.7 2.802528e-06 6.568535e-08 1.00533e-05 260997.4 4988.395 777982
SET47/REP_4 37.89 5e-04 0.01 0.0004978258 0.9987197 0.0004945876 0.0004023097 0.0005904694 96.16793 79.88604 118.4274 1.218505e-05 2.288612e-07 3.744334e-05 55183.67 1111.013 202677.7 7.303806e-06 1.414202e-07 3.275776e-05 51941.14 1256.989 293951.7 1.967597e-05 7.162221e-07 6.671875e-05 11978.02 700.71 61954.95 7.287907e-06 2.003239e-07 2.742585e-05 31828.12 1461.842 218247.4
SET47/REP_6 54.43 5e-04 0.01 0.0005012784 0.9995793 0.0005735206 0.0004866407 0.0006680617 96.00105 83.91534 110.5279 3.052774e-05 1.530037e-06 8.223778e-05 5495.453 655.4333 39956.12 3.200712e-05 2.889824e-06 8.411223e-05 4005.621 689.0476 20587.46 1.288361e-05 8.391939e-07 3.933568e-05 13916.39 1416.989 74483.25 1.283652e-05 6.144006e-07 4.099472e-05 35630.25 1415.206 88384.55
SET47/REP_7 37.6 5e-04 0.01 0.0005141993 0.9982094 0.0005288407 0.00043667 0.0006234029 96.16936 80.66155 115.4699 2.426183e-05 1.980087e-06 6.329959e-05 6662.951 857.3707 30894.26 8.847575e-06 4.014264e-07 2.66021e-05 28093.31 2012.024 149902.9 1.931225e-05 1.623507e-06 4.841315e-05 7378.941 1181.507 35625.78 1.488428e-05 4.222133e-07 5.486874e-05 26819.4 1009.063 130526.1
SET47/REP_8 35.18 5e-04 0.01 0.0005032531 0.9991272 0.0004589047 0.0003625581 0.000568341 110.6436 89.66853 137.9821 5.282147e-06 7.466692e-08 1.841447e-05 136019.6 2727.144 625330.9 2.235757e-05 3.365384e-06 4.792933e-05 3888.065 1048.891 13959.35 6.519229e-06 1.447388e-07 2.212277e-05 55122.26 2317.566 354242.9 7.788524e-06 4.805747e-07 2.553667e-05 18027.9 1953.372 97733.27
SET47/REP_9 46.7 5e-04 0.01 0.0005081064 0.999367 0.0004988943 0.0004048187 0.0005937984 99.89203 83.38985 121.6628 2.413029e-05 8.038691e-07 6.34643e-05 8323.926 751.3602 61606.6 2.091258e-05 7.670156e-07 5.798421e-05 13003.91 850.2859 68026.14 2.952615e-06 7.821343e-08 1.14437e-05 95622.69 4710.036 639353.4 1.399563e-05 5.560975e-07 4.089688e-05 16810.59 1272.937 92698.25
SET48/REP_1 45.58 5e-04 0.1 0.0006396649 0.8142691 0.0004634162 0.0003758764 0.0005578619 96.23845 81.51978 114.9957 1.280021e-05 9.630315e-07 3.357162e-05 8307.302 1240.247 43191.83 1.554257e-05 1.404637e-06 3.92029e-05 7949.863 995.978 32923.74 7.561252e-06 7.287895e-08 2.235879e-05 184323.9 1818.108 597325 1.652366e-05 2.161883e-07 5.443415e-05 27041.78 841.7142 212087.1
SET48/REP_2 58.62 5e-04 0.1 0.0006884615 0.8164007 0.00052654 0.0004243301 0.000626469 100.9122 85.03789 122.8203 1.027461e-05 3.440192e-07 3.539894e-05 23341.18 1407.867 161246.7 8.048321e-06 6.993225e-07 2.529222e-05 16402.58 2067.689 79063.64 8.963965e-06 6.25546e-07 2.665254e-05 30666.97 2106.622 80607.55 9.289409e-06 6.332799e-07 2.880698e-05 16436.57 1909.507 80433.62
SET48/REP_3 45.22 5e-04 0.1 0.0006409284 0.8455662 0.0004983938 0.0004099461 0.0005912548 99.55321 84.34719 119.1897 4.64963e-06 7.970809e-08 1.581549e-05 83335.7 3215.396 666380.8 1.594308e-05 5.534038e-07 4.883739e-05 13775.69 1049.894 97685 1.577192e-05 8.723412e-07 4.480152e-05 10078.15 1178.193 60719.49 1.64751e-05 5.544586e-07 4.638766e-05 18899.94 1050.368 97696.7
SET48/REP_4 60 5e-04 0.1 0.0005801817 0.9092636 0.0005319793 0.0004336271 0.0006359121 92.11774 79.93498 107.4204 8.007791e-06 2.796814e-07 2.909122e-05 61688.72 1528.614 171663.8 6.822514e-06 2.562128e-07 2.420899e-05 29592.26 1762.129 163865.8 6.106163e-06 1.45249e-07 2.102516e-05 57154.66 2139.57 338310.8 7.18996e-06 9.737737e-08 2.420902e-05 48480.21 1803.105 455794.3
SET48/REP_6 36.65 5e-04 0.1 0.0005641206 0.8853347 0.000485659 0.0004087491 0.0005662204 110.3235 92.68982 132.2018 8.401442e-06 1.114202e-07 2.818361e-05 68670.12 1928.991 462239 1.615153e-05 5.721039e-07 5.587033e-05 22007.99 978.7057 88898.57 1.471536e-05 3.531331e-07 5.315338e-05 26412.71 1039.057 158237 1.28295e-05 5.538785e-07 4.368028e-05 18283.02 1312.961 110672.4
SET48/REP_7 42.32 5e-04 0.1 0.0005916334 0.921512 0.0004922271 0.0004069472 0.0005793854 103.9619 89.43676 123.0875 3.11465e-05 2.994053e-06 8.00174e-05 3623.02 670.5644 18938.48 3.182287e-05 2.12382e-06 7.887632e-05 5389.756 691.0389 29609.67 1.163619e-05 3.150097e-07 3.664358e-05 24587.4 1402.992 161030.3 4.54608e-06 1.808064e-07 1.549727e-05 49174.34 3716.01 312088.8
SET48/REP_8 38.16 5e-04 0.1 0.0005550513 0.9749704 0.0004358856 0.0003484886 0.0005270108 122.8844 101.6215 152.4497 4.204311e-06 2.044049e-07 1.436273e-05 39992.34 3450.944 267467.9 2.019344e-05 8.139737e-07 6.354819e-05 10654.91 810.2649 64125 4.849327e-06 1.018361e-07 1.59182e-05 83547.79 3230.009 503094.8 9.277803e-06 3.348432e-07 3.940386e-05 25640.92 1300.821 155511.1
SET48/REP_9 38.89 5e-04 0.1 0.0006031853 0.7939385 0.0006035062 0.0005024134 0.0007101294 80.11483 66.17413 98.64158 9.62998e-06 3.97574e-07 3.61819e-05 20636.52 1270.32 116822.2 3.996819e-05 3.713135e-06 9.551362e-05 2699.244 478.2187 14431.51 2.929291e-05 4.511917e-06 6.856298e-05 2914.934 585.2483 12031.04 1.266287e-05 3.159224e-07 3.83525e-05 22707.73 1172.219 176684
