SET1/REP_1 1.36 0.01 0.01 0.01297377 0.9409789 0.7032881 0.4884156 0.8589069 3.746341 3.047232 4.826799 0.3640264 0.2967062 0.6112886 6.087025 4.117525 7.823931 0.1722778 0.1282563 0.3485911 12.24653 5.265696 16.18501 0.5285302 0.4123786 0.9633 6.206276 3.804567 8.533703
SET1/REP_10 1.5 0.01 0.01 0.01677135 0.7829668 0.1547484 0.02122317 0.4159597 13.05946 5.408972 43.52399 0.3181047 0.2635041 0.3848871 24.63108 9.928351 60.34592 0.4476718 0.2866482 0.6569066 4.709035 2.979648 9.651109 0.1092692 0.0003436157 0.7345996 592.4814 8.491895 2854.292
SET1/REP_1 1.36 0.01 0.01 0.01297377 0.9409789 0.7032881 0.4884156 0.8589069 3.746341 3.047232 4.826799 0.3640264 0.2967062 0.6112886 6.087025 4.117525 7.823931 0.1722778 0.1282563 0.3485911 12.24653 5.265696 16.18501 0.5285302 0.4123786 0.9633 6.206276 3.804567 8.533703
SET1/REP_10 1.5 0.01 0.01 0.01677135 0.7829668 0.1547484 0.02122317 0.4159597 13.05946 5.408972 43.52399 0.3181047 0.2635041 0.3848871 24.63108 9.928351 60.34592 0.4476718 0.2866482 0.6569066 4.709035 2.979648 9.651109 0.1092692 0.0003436157 0.7345996 592.4814 8.491895 2854.292
SET1/REP_1 1.36 0.01 0.01 0.01297377 0.9409789 0.7032881 0.4884156 0.8589069 3.746341 3.047232 4.826799 0.3640264 0.2967062 0.6112886 6.087025 4.117525 7.823931 0.1722778 0.1282563 0.3485911 12.24653 5.265696 16.18501 0.5285302 0.4123786 0.9633 6.206276 3.804567 8.533703
SET1/REP_10 1.5 0.01 0.01 0.01677135 0.7829668 0.1547484 0.02122317 0.4159597 13.05946 5.408972 43.52399 0.3181047 0.2635041 0.3848871 24.63108 9.928351 60.34592 0.4476718 0.2866482 0.6569066 4.709035 2.979648 9.651109 0.1092692 0.0003436157 0.7345996 592.4814 8.491895 2854.292
SET1/REP_5 1.11 0.01 0.01 0.01359852 0.5245812 NA NA NA NA NA NA 0.3640264 0.2967062 0.6112886 6.087025 4.117525 7.823931 0.1722778 0.1282563 0.3485911 12.24653 5.265696 16.18501
SET2/REP_1 5.37 0.01 0.01 0.01072204 0.9726494 0.5478712 0.443921 0.8849226 12.42566 8.510438 18.51254 1.454573 1.356479 2.06609 5.957204 5.800245 6.330578 0.5417038 0.4282852 0.9528273 10.75975 7.591414 13.08436 0.2528738 0.2148691 0.3362095 12.94387 9.118852 17.88205
SET2/REP_10 9.09 0.01 0.01 0.01023766 0.9713312 0.2292009 0.1732274 0.4915561 18.86946 14.54217 23.76502 0.1890002 0.1132456 0.2812506 16.11269 9.83509 32.84476 0.6529919 0.5023993 0.866155 17.80606 9.144849 51.69886 0.8987947 0.7822303 0.9844854 9.631471 9.09831 10.66466
SET2/REP_2 7.24 0.01 0.01 0.01323121 0.9379954 0.2292009 0.1732274 0.4915561 18.86946 14.54217 23.76502 0.1890002 0.1132456 0.2812506 16.11269 9.83509 32.84476 0.6529919 0.5023993 0.866155 17.80606 9.144849 51.69886 0.8987947 0.7822303 0.9844854 9.631471 9.09831 10.66466
