SET28/REP_1 4.16 5e-04 0 0.0005002755 0.9999896 0.001973186 0.001349377 0.002675942 26.45139 17.80469 38.80271 6.888819e-05 1.768397e-06 0.0002430915 3963.823 202.3028 28879.06 4.950938e-05 9.00269e-07 0.0001663923 26814.65 281.7895 52779.6 0.000113839 4.924666e-06 0.0003137482 1649.155 147.9212 10502.03
SET28/REP_10 2.26 5e-04 0 0.0005000548 0.9999896 0.001499168 0.0006278175 0.002458401 37.44051 20.46146 77.14417 0.0001310623 4.476089e-06 0.0004345313 1554.597 110.5909 11039.8 0.0004092687 6.697342e-05 0.0008118334 179.5757 59.13562 733.5413 0.0001275849 9.316008e-06 0.0003750076 976.1911 128.7918 5348.62
SET28/REP_2 3.43 5e-04 0 0.0004999608 0.999996 0.001769522 0.001022814 0.002595932 29.87775 19.73981 47.78701 0.0002446332 1.61451e-05 0.0005987752 571.6769 80.0454 3018.818 0.0003011359 5.708583e-05 0.0005590003 232.6581 85.02907 831.4312 0.0001701488 4.971833e-06 0.0004418291 1255.25 107.7302 9436.606
SET28/REP_3 4.14 5e-04 0 0.0004997887 0.999996 0.001230776 0.0005867648 0.001902715 47.90244 28.67548 91.82986 0.0001097255 9.591928e-06 0.0002965342 1090.849 173.28 5613.62 0.0001968745 1.920696e-05 0.0004323689 534.4507 120.1542 2668.113 0.000106149 1.057174e-06 0.0003441092 16399.62 150.4233 49395.42
SET28/REP_4 1.96 5e-04 0 0.0004997893 0.9999777 0.001909031 0.001053002 0.002882119 30.59451 18.16973 53.62841 0.0001182808 3.55732e-06 0.0003693205 2279.068 140.0457 15230.14 0.0001592194 5.290869e-06 0.0004319637 2301.495 120.3104 9894.906 0.0005231321 0.0001037533 0.0009664142 143.3556 54.66688 528.6491
SET28/REP_5 4.34 5e-04 0 0.0005000618 0.9999944 0.001518163 0.0009063622 0.002268426 34.39443 21.64334 54.96059 0.0001386856 7.568263e-06 0.0003911957 1055.954 116.9571 6155.706 0.0002658022 4.126125e-05 0.0005717484 281.7708 80.278 1110.908 0.000277915 2.639945e-05 0.0006355072 415.7023 72.97947 1777.105
SET29/REP_1 9.17 5e-04 0 0.000500032 0.9999993 0.001352985 0.0009121687 0.001837935 42.72976 31.43186 60.40515 0.0002574444 5.82723e-05 0.0004960259 295.1523 108.3156 904.2204 0.0002650604 5.34374e-05 0.0005219834 295.3127 105.8825 982.4768 7.601909e-05 3.650675e-06 0.0002348813 2456.565 231.9892 14051.08
SET29/REP_10 5.47 5e-04 0 0.0005000182 0.9999961 0.001452102 0.0009017763 0.002062053 36.09856 23.35582 56.91069 0.0001263798 6.993305e-06 0.0003186333 1063.159 151.2406 7114.492 0.0001188508 8.572836e-06 0.0003101878 1129.812 157.6274 5760.034 8.729086e-05 9.567614e-06 0.0002217391 1094.026 219.1382 5141.438
SET29/REP_2 11.2 5e-04 0 0.0005001372 0.9999992 0.001008618 0.0005829257 0.001461058 55.58024 38.19695 88.38973 3.03742e-05 1.485339e-06 9.799664e-05 5451.029 504.5668 33396.6 5.548689e-05 3.10065e-06 0.0001635968 3300.451 296.4577 15621.88 8.765511e-05 2.178103e-06 0.0002380973 3091.21 207.0093 22325.18
SET29/REP_3 14.28 5e-04 0 0.0004999961 0.9999991 0.000896051 0.0005218795 0.001324106 64.89762 42.0149 103.8569 8.226685e-05 1.798772e-06 0.000212712 3127.236 247.9214 29273.11 0.0001110493 8.57307e-06 0.0002453675 1141.037 213.7869 6071.467 0.0001885053 3.774983e-05 0.0003484187 406.7645 150.5159 1380.031
SET29/REP_4 12.52 5e-04 0 0.0004998707 0.9999981 0.001439021 0.0009748522 0.001963625 37.88618 27.35123 54.11781 2.883513e-05 9.167332e-07 8.380268e-05 9368.473 586.98 55234.12 4.650377e-05 4.104648e-06 0.0001246976 3190.617 398.9916 12382.14 2.409769e-05 7.888928e-07 9.032397e-05 12097.07 552.9109 62639.93
SET30/REP_1 19.58 5e-04 0 0.0004999415 0.9999997 0.0005876605 0.000404793 0.0007796988 88.41075 65.48246 123.425 4.49369e-05 9.815632e-07 0.0001333342 7722.432 367.8196 49137.62 1.277776e-05 4.129986e-07 4.84889e-05 18301.5 1017.03 117747.6 6.035221e-05 3.656547e-06 0.0001838388 2672.66 266.4219 13291.76
SET30/REP_10 19.93 5e-04 0 0.0004999642 0.9999997 0.0006254161 0.0004174841 0.0008596276 80.51927 56.71358 116.2121 4.006354e-05 1.6695e-06 0.0001080612 4074.032 436.5474 28147.36 1.703802e-05 2.336309e-07 6.24678e-05 25858.17 744.3576 198424.9 2.490093e-05 1.557574e-06 7.129665e-05 5523.288 665.2675 30161.62
SET30/REP_2 20.15 5e-04 0 0.0004999606 0.9999997 0.0005927955 0.0004398373 0.0007431689 95.83833 74.0776 127.2451 5.678336e-05 4.983425e-06 0.0001241138 2342.594 448.2951 10984.91 3.99802e-05 1.967225e-06 0.000101426 3993.897 532.7558 29106.51 3.641451e-05 1.612792e-06 0.0001004777 11915.54 570.3207 34453.17
SET30/REP_3 21.03 5e-04 0 0.0004999974 0.9999998 0.0006037588 0.00046403 0.0007516413 85.42159 67.32457 110.1367 1.586355e-05 7.489773e-07 5.140673e-05 11262.19 979.0998 69979.76 2.214896e-05 4.503247e-07 8.245972e-05 23229.81 623.0597 120407.1 2.703644e-05 1.444641e-06 8.582948e-05 5551.111 595.6526 34635.68
SET30/REP_4 20.96 5e-04 0 0.000499997 0.9999998 0.0005910957 0.0004416787 0.0007407052 83.47546 64.88435 110.1212 1.543669e-05 1.552612e-07 4.797865e-05 68568.4 998.8928 297798.8 1.801368e-05 8.012985e-07 5.343831e-05 11176.07 896.6826 59449.71 2.664203e-05 1.443991e-06 7.336211e-05 5294.079 645.8714 34824.52
SET30/REP_5 22.84 5e-04 0 0.0005000258 0.9999998 0.0005387 0.0003629117 0.0007444048 97.39297 67.5736 139.9443 3.06069e-05 1.939837e-06 7.803457e-05 5954.76 599.718 24958.42 1.408814e-05 3.767338e-07 4.711114e-05 18707.3 971.5644 137895.7 1.763868e-05 3.459589e-07 5.95436e-05 43443.08 775.339 141044.2
SET31/REP_1 2.73 5e-04 0.01 0.0007985793 0.6497141 0.001146245 0.0004084502 0.002250101 58.163 25.34046 135.8476 0.0001942178 1.493192e-05 0.0005256732 651.5556 101.2263 3691.166 0.0001943581 7.729092e-06 0.0004873083 990.7105 108.456 7098.477 0.0001387564 5.045557e-06 0.0004049741 1732.195 130.1283 10704.39
SET31/REP_10 4.23 5e-04 0.01 0.0006422042 0.9199055 0.001799691 0.001134111 0.002581974 26.60307 16.60666 41.28983 0.0001427677 8.758899e-06 0.0004366866 1095.809 101.5907 4988.573 0.0003170655 3.694698e-05 0.0006735394 373.0445 62.9892 1219.307 0.0002713009 2.903467e-05 0.0006091337 314.8881 71.23275 1540.879
SET31/REP_2 4.35 5e-04 0.01 0.0006564619 0.8509366 0.001499789 0.0008189173 0.002342797 34.38602 21.27847 57.85377 0.0001766514 2.034662e-05 0.0004034477 576.539 114.9536 2357.217 0.0001837262 8.558693e-06 0.0004975385 789.7337 92.71541 5446.246 0.0001239559 3.896779e-06 0.0003537268 1485.291 127.9689 11608.97
SET31/REP_3 4.6 5e-04 0.01 0.0005566756 0.9522056 0.0007457914 0.0001540919 0.001430214 109.6875 38.67958 351.7116 9.534453e-05 6.635934e-06 0.0002780735 1693.677 190.9118 8005.392 0.0001161997 5.809439e-06 0.0003262152 1435.72 161.743 8899.665 0.0001155779 5.885463e-06 0.0003225049 1404.515 159.8563 8802.531
SET31/REP_4 3.06 5e-04 0.01 0.0006086534 0.837394 0.001122568 0.0003270649 0.002008756 58.41218 26.19886 158.3291 0.0004237381 3.133181e-05 0.0009686303 441.2548 52.83326 1673.38 0.0002901171 1.259261e-05 0.000728521 834.4177 70.8545 4047.462 0.0002801489 2.354193e-05 0.0006933047 541.8385 73.31129 2230.499
SET31/REP_5 3.25 5e-04 0.01 0.0006339599 0.9093356 0.001884383 0.001165313 0.002681278 26.67078 17.73379 41.18767 5.587213e-05 1.262572e-06 0.0001948761 7159.072 224.4373 37762.27 0.0003339844 5.068316e-05 0.000652657 329.1186 67.80539 910.0027 8.128826e-05 4.322067e-06 0.0002734483 1755.391 166.9503 10440.56
SET32/REP_1 8.2 5e-04 0.01 0.0006387867 0.8523565 0.001622059 0.001007458 0.002277223 37.8945 26.34068 56.52847 8.794759e-05 3.357986e-06 0.0002645483 2561.929 207.4279 16556.01 5.140828e-05 2.752789e-06 0.0001351604 3040.292 407.9976 20143.19 7.083097e-05 2.771189e-06 0.0002292786 3638.106 237.583 19702.53
SET32/REP_10 12.61 5e-04 0.01 0.0005569423 0.9482603 0.001124155 0.0007307104 0.0015619 49.24153 34.54719 72.00939 0.0001011627 6.275304e-06 0.0002322943 1276.905 225.1748 8173.655 0.0001418413 1.735311e-05 0.0003051803 706.4075 169.115 2982.986 6.178135e-05 5.691845e-06 0.0001506139 2149.598 338.9524 9406.089
SET32/REP_2 7.65 5e-04 0.01 0.000634021 0.8793241 0.001185645 0.000580354 0.001810298 50.04005 30.3019 92.09616 0.0001590187 7.15696e-06 0.0003940292 1131.029 131.6445 7372.449 2.932557e-05 4.792676e-07 0.0001007262 12575.21 506.111 108845 9.631554e-05 4.490905e-06 0.0002503316 1695.444 207.7554 11409.45
SET32/REP_3 13.82 5e-04 0.01 0.0005158261 0.9915768 0.0009586887 0.0005541113 0.001464015 57.71644 38.00351 90.84397 0.0001398207 6.129996e-06 0.0003543007 1361.857 140.5736 7968.932 0.0001117236 3.076294e-06 0.0003096593 1923.838 159.6259 16008.19 0.0001038416 6.126692e-06 0.0002726395 1633.176 179.2438 8146.293
SET32/REP_4 6.5 5e-04 0.01 0.0007473998 0.8920741 0.001324793 0.0007349918 0.002006973 36.88453 22.37903 62.52282 5.716493e-05 1.13941e-06 0.0001925694 5307.287 221.3392 37879.2 0.0001301884 1.805238e-05 0.0002932501 629.8723 145.0756 2361.213 7.300236e-05 1.654816e-06 0.0002195992 3822.659 196.8589 27301.05
SET33/REP_1 16.62 5e-04 0.01 0.0004869092 0.9894869 0.0006850533 0.0005121415 0.0008487579 73.87829 58.67741 96.41237 3.410779e-05 1.431762e-06 0.0001036486 6881.448 491.374 35951.93 2.734761e-05 7.47567e-07 8.048016e-05 10123.4 621.4696 64086.01 8.646402e-05 6.208411e-06 0.0001787223 1691.789 272.8758 7811.89
SET33/REP_10 16.86 5e-04 0.01 0.0005130594 0.9977712 0.0005072836 0.0003178519 0.0006976104 112.0791 77.77344 171.901 2.069017e-05 4.7218e-07 6.434584e-05 13717.63 833.6036 115829.5 4.88903e-05 4.477082e-06 0.0001174975 2436.876 438.3717 12064.41 2.246985e-05 5.476818e-07 6.792471e-05 13688.94 773.6397 96432.64
SET33/REP_2 25.42 5e-04 0.01 0.00053775 0.9640882 0.0006070128 0.0004466438 0.0007759987 83.88764 64.0867 111.9102 8.635942e-06 2.956168e-07 3.108068e-05 24108.18 1560.299 169710 1.549663e-05 1.474198e-06 5.070487e-05 7857.539 958.9836 34614.25 1.40651e-05 3.06693e-07 4.640383e-05 23454.44 1059.319 162456
SET33/REP_3 15.65 5e-04 0.01 0.00056999 0.9362104 0.0006525839 0.0004593809 0.00084847 80.54531 58.27939 112.4074 1.849431e-05 8.907181e-07 5.79654e-05 10637.17 891.9674 55716.05 1.932838e-05 1.016e-06 5.818415e-05 9343.704 916.3732 47854.64 8.696872e-06 3.365383e-07 3.207813e-05 28490.47 1596.144 149422.1
SET33/REP_4 22.38 5e-04 0.01 0.0005166855 0.995447 0.0005312269 0.0004013509 0.0006589505 102.243 80.24144 134.2586 4.852542e-05 2.130593e-06 0.0001188022 4395.993 435.3883 22886.4 1.760275e-05 6.412652e-07 5.290178e-05 19933.84 947.9156 85705.73 3.632432e-05 3.151715e-06 8.895966e-05 3182.798 555.8722 16975.27
SET33/REP_5 21.88 5e-04 0.01 0.0005221129 0.9821587 0.0005343617 0.0003352562 0.0007563849 118.3598 76.70768 184.789 2.179574e-05 6.562436e-07 6.484216e-05 13176.64 902.9566 94198.96 2.494801e-05 1.805253e-07 7.881862e-05 126738.9 752.5506 338038.4 4.989595e-05 2.909464e-06 0.0001443215 3605.432 411.8428 19764.97
SET34/REP_1 4.96 5e-04 0.1 0.002394397 0.5269557 0.002563899 0.001688502 0.003596921 21.74551 15.48131 30.83889 5.981756e-05 2.102424e-06 0.0001922677 3641.32 266.5263 24187.99 0.0001249708 7.128846e-06 0.0003921626 1316.926 128.5273 7144.607 0.0002108863 8.593477e-06 0.0005338507 2017.903 97.4189 6117.891
SET34/REP_10 3.53 5e-04 0.1 0.002792517 0.486967 0.002420181 0.001487493 0.003578054 23.3437 15.35 35.76561 0.0001159697 7.649742e-06 0.0003558275 1301.054 139.0105 6588.202 0.0001230735 8.252822e-06 0.0003368691 1156.945 144.5898 5981.404 0.0002584575 1.648383e-05 0.0005618301 553.9996 85.61288 3051.612
SET34/REP_2 3.22 5e-04 0.1 0.003598135 0.2687485 0.001634124 0.0008948032 0.002469273 34.44014 21.32933 58.84026 0.000236109 1.947481e-05 0.0005238574 488.9169 98.39271 2597.762 0.0001769082 6.35913e-06 0.0004492891 1260.706 115.7046 8139.27 6.263974e-05 2.885216e-06 0.0001807813 3557.062 281.2559 18209.09
SET34/REP_3 4.2 5e-04 0.1 0.001999325 0.2961042 0.001583236 0.0006416737 0.002767085 40.02074 20.21555 82.91126 6.053449e-05 1.725465e-06 0.0002095107 4509.689 244.1939 29703.73 7.249092e-05 5.532295e-06 0.0002181101 1891.768 238.6305 9146.836 9.083866e-05 3.795495e-06 0.0002759591 2928.395 187.9596 13863.56
SET34/REP_4 4.84 5e-04 0.1 0.004243108 0.4335755 0.001336554 0.0006541972 0.002078586 43.46967 26.58077 79.13597 0.0001103673 7.050406e-06 0.000308478 1274.587 169.4973 7643.387 0.0002593679 4.506832e-06 0.0006300332 1642.214 82.87261 11444.55 0.0001053068 1.551843e-06 0.0003435623 4556.524 149.9952 33436.28
SET34/REP_5 4.65 5e-04 0.1 0.003656926 0.5412838 0.001513398 0.0007674334 0.002256124 39.92231 24.97581 71.8373 0.0001552951 1.141329e-05 0.0004049429 862.9371 135.4286 4809.783 8.790902e-05 5.669668e-06 0.0002498353 1876.362 218.4958 9890.736 0.0002280811 2.454342e-05 0.0005080457 472.1319 107.2503 2214.751
SET35/REP_1 14.72 5e-04 0.1 0.0006745837 0.2913145 0.001010025 0.000483081 0.001629551 60.17067 36.23882 108.3921 8.776607e-05 1.514018e-07 0.0002398489 33541.78 209.7262 321889.3 0.0001345102 1.159483e-05 0.0002767699 827.1506 181.386 4303.792 0.0001371705 2.034919e-05 0.0002632897 680.8606 189.7735 2443.006
SET35/REP_10 13.76 5e-04 0.1 0.001099908 0.6738484 0.0009970407 0.0006266512 0.001443965 57.91122 40.31856 85.59927 5.402405e-05 3.935061e-06 0.0001402128 2526.491 357.3369 12827.94 4.80867e-05 2.745712e-06 0.000138434 7626.24 367.5128 18553.06 7.868442e-05 7.451943e-06 0.0001938088 2438.557 262.7932 6681.583
SET35/REP_2 12.3 5e-04 0.1 0.0007696596 0.5648628 0.0007288785 0.0003710995 0.00113751 72.63039 44.45323 130.5367 4.453094e-05 6.716462e-07 0.0001369319 18197.12 335.6655 68162.21 4.128944e-05 1.144964e-06 0.0001270394 6317.29 362.8288 41638.68 0.0001250611 8.162121e-06 0.000281939 1023.262 164.2849 5662.266
SET35/REP_3 9.57 5e-04 0.1 0.001468063 0.3936574 0.001164339 0.0007462621 0.001665079 46.62403 31.53186 69.41327 9.862979e-05 8.190622e-06 0.000255126 1134.008 191.1871 6152.956 9.495749e-05 2.674124e-06 0.0002712177 2940.863 182.9264 19654.41 3.942004e-05 9.353121e-07 0.0001316674 8900.162 382.0685 53419.51
SET35/REP_4 6.72 5e-04 0.1 0.001140332 0.520628 0.001172913 0.0007570266 0.001600659 50.8779 35.95787 76.48965 6.615115e-05 1.670403e-06 0.0002050979 9231.654 271.3268 33980.8 6.008386e-05 2.864125e-06 0.0001737127 6102.178 322.8654 19319.52 0.0001138424 1.49215e-06 0.0003141714 19698.37 174.3736 37603.68
SET36/REP_1 19.63 5e-04 0.1 0.0008219406 0.7255768 0.0005516893 0.0004075163 0.0007036075 86.8008 66.96675 115.0068 1.841834e-05 1.089101e-06 5.783456e-05 7919.054 811.9775 44027.59 2.86683e-05 1.432216e-06 8.710559e-05 5489.623 551.924 32481.26 0.0001096229 1.712685e-05 0.0002247511 693.2089 212.9924 2718.894
SET36/REP_10 28.17 5e-04 0.1 0.0008461557 0.6751031 0.0006106419 0.0004302223 0.0007882547 91.56717 70.28034 124.2853 9.806073e-06 3.755805e-07 3.333984e-05 19921.28 1622.258 140683.6 1.672752e-05 1.049231e-06 4.855478e-05 8531.299 1091.608 50769.01 1.098877e-05 5.577679e-07 3.604631e-05 17911.85 1466.589 95424.6
SET36/REP_2 22.54 5e-04 0.1 0.0009035788 0.8029741 0.0005714286 0.0004223957 0.0007377556 93.10264 71.21766 123.1578 6.005369e-05 6.985429e-06 0.0001413685 1981.932 369.8267 7476.578 2.698804e-05 6.295232e-07 7.437417e-05 11318.53 669.3914 79642.3 3.007502e-05 2.453901e-06 8.151127e-05 4075.272 635.4728 21062.93
SET36/REP_3 29.11 5e-04 0.1 0.0006109842 0.9208272 0.0005332649 0.0003806732 0.0006954914 92.84333 71.36419 125.7474 1.495539e-05 5.884163e-07 4.232527e-05 10820.49 1062.929 75744.52 8.739281e-06 3.317317e-07 2.836196e-05 32614.72 1576.928 137896.7 2.247368e-05 5.966657e-07 6.73272e-05 11418.87 643.0709 74441.11
SET36/REP_4 23.83 5e-04 0.1 0.0007621456 0.8290115 0.0006840952 0.0005280946 0.0008540913 73.16863 58.39647 93.63913 4.065339e-05 6.270137e-06 8.684144e-05 2062.124 525.5287 7561.28 2.437859e-05 1.15036e-06 6.88803e-05 6861.151 683.5528 41729.42 2.294744e-05 8.878561e-07 6.391293e-05 8832.031 746.8176 58675.04
SET36/REP_5 19.42 5e-04 0.1 0.0009164763 0.8004685 0.0005636256 0.000420062 0.0007180114 84.21563 64.04074 111.7777 1.004458e-05 2.832728e-07 3.468094e-05 24527.66 1272.771 158468.4 4.920971e-05 6.123073e-06 0.0001119075 1661.494 391.5151 7450.146 2.176302e-05 6.613369e-07 6.303015e-05 10838.01 718.5661 71595.84
