SET37/REP_1 35.47 1e-04 0 9.999488e-05 0.9999999 0.0001183734 8.233761e-05 0.0001544646 113.1439 76.40437 173.6516 3.239762e-06 1.032057e-07 1.04426e-05 29467.2 1210.568 132631.8 4.462557e-06 2.003105e-07 1.439216e-05 12175.04 900.8725 75607.73 7.366252e-06 6.227318e-07 1.936903e-05 6317.631 659.4864 22386.29
SET37/REP_10 38.21 1e-04 0 0.0001000007 0.9999999 8.690685e-05 6.060188e-05 0.0001157853 132.3963 94.56664 191.0686 4.274777e-06 2.14772e-07 1.224352e-05 7831.363 870.3605 52332.38 4.42487e-06 1.438502e-07 1.235265e-05 15004.97 835.5068 75728.31 2.861794e-06 8.324893e-08 9.531001e-06 22534.3 1075.06 131887
SET37/REP_2 55.61 1e-04 0 9.999483e-05 0.9999999 0.0001319363 0.0001012543 0.0001647005 83.5157 66.96568 107.8544 5.088843e-06 2.685403e-07 1.535462e-05 12714.02 842.7965 49233.41 2.693056e-06 1.6836e-07 1.017528e-05 15486.67 1348.238 80911.73 5.889354e-06 3.819986e-08 2.010935e-05 35336 634.888 384567.2
SET37/REP_3 49.91 1e-04 0 0.0001000009 0.9999999 0.0001392881 9.24098e-05 0.0002065957 89.51307 65.19821 127.9729 9.069495e-06 9.386254e-07 2.351728e-05 2862.884 437.6779 13059.57 1.478259e-05 2.108107e-06 3.345288e-05 1408.454 325.7112 5672.361 4.643537e-06 3.084127e-07 1.325585e-05 11921.09 817.2914 40164.29
SET37/REP_4 37.91 1e-04 0 0.0001000086 0.9999999 9.378045e-05 6.117007e-05 0.0001308646 106.5486 72.47926 164.0753 4.371175e-06 2.021097e-07 1.314956e-05 8191.542 687.8167 45226.25 5.702816e-06 3.719972e-07 1.71375e-05 4716.513 514.1416 25535.99 2.013783e-06 4.672748e-08 7.367815e-06 25721.86 1226.792 191333.8
SET37/REP_5 39.89 1e-04 0 0.0001000008 0.9999999 0.0001177617 7.82195e-05 0.0001650333 100.7698 67.10569 149.9967 4.941e-06 2.472725e-07 1.716931e-05 7745.078 548.8469 40706.46 5.214835e-06 1.320777e-07 1.751247e-05 10201.93 560.5205 76462.81 1.79821e-05 4.24635e-06 3.732555e-05 842.5244 245.7994 2594.716
SET37/REP_6 41.08 1e-04 0 9.999436e-05 0.9999999 0.0001469355 0.0001037995 0.0001943523 92.3027 70.31778 127.5494 9.38754e-06 4.548273e-07 2.851559e-05 5078.427 423.6637 26443.42 6.504704e-06 2.393622e-07 1.981086e-05 8397.909 633.8252 54099.57 1.763473e-05 2.600142e-06 3.796988e-05 1133.888 316.0794 4859.833
SET37/REP_7 43.39 1e-04 0 0.0001000025 0.9999999 9.343252e-05 6.421593e-05 0.000124541 128.5215 80.13264 199.8901 3.450702e-06 6.450475e-08 1.087588e-05 22102.32 1011.45 184120.5 3.768287e-06 1.200493e-07 1.167381e-05 15816.38 934.049 100253.8 5.792941e-06 3.483543e-07 1.582621e-05 5495.734 661.5795 36417.78
SET37/REP_8 58.07 1e-04 0 9.999573e-05 1 0.0001033321 7.315693e-05 0.0001388085 102.585 76.97496 143.9947 9.092656e-06 1.218566e-06 2.037045e-05 1943.086 440.9441 8765.047 4.726826e-06 2.283404e-07 1.444502e-05 7045.712 635.0776 40526.45 5.238323e-06 2.013864e-07 1.915292e-05 7027.916 480.6879 47562.52
SET37/REP_9 35.24 1e-04 0 9.99975e-05 0.9999999 0.0001129018 7.112376e-05 0.0001565534 94.14424 63.92406 144.0756 6.092205e-06 3.3228e-07 1.91377e-05 5028 502.7359 30308.29 1.328253e-05 9.42428e-07 3.279987e-05 2178.689 282.6807 9710.953 8.179763e-06 3.668922e-07 2.22755e-05 3746.475 414.0553 26370.01
SET38/REP_1 37.84 1e-04 0.01 9.972895e-05 0.9978767 0.0001087883 6.342525e-05 0.0001565903 108.3573 71.58657 179.0385 3.509033e-06 9.091057e-08 1.060617e-05 18623.84 960.2837 122675 5.473481e-06 2.241904e-07 1.666675e-05 6618.458 620.8482 46275.51 3.151928e-06 4.194768e-08 1.242429e-05 85616.23 819.0011 259506.9
SET38/REP_10 46.43 1e-04 0.01 0.0001012834 0.99916 0.0001277083 9.517579e-05 0.0001642491 78.8646 63.05345 103.5802 2.07468e-06 8.36545e-08 7.522209e-06 21048.35 1328.619 123300.7 5.517367e-06 1.861469e-07 1.717964e-05 10802.49 572.8565 58384.52 5.119689e-06 2.859765e-07 1.460685e-05 7154.853 673.906 39199.01
SET38/REP_2 43.65 1e-04 0.01 0.000102283 0.9988297 0.0001253289 8.873874e-05 0.0001673868 87.38205 65.92622 119.9242 3.969498e-06 5.632205e-08 1.434514e-05 39823.72 775.4955 167886.8 1.07246e-05 5.51377e-07 2.49945e-05 2961.37 395.928 18691.16 3.941815e-06 2.324219e-07 1.199204e-05 8413.888 873.1405 45263.8
SET38/REP_3 55.69 1e-04 0.01 0.0001019307 0.9981589 0.0001013509 6.698017e-05 0.0001417724 103.225 73.48035 151.1189 2.099092e-06 4.781097e-08 7.098096e-06 26763.02 1345.569 203935.3 1.935799e-06 6.912274e-08 6.565982e-06 24557.76 1538.2 144400.3 4.608723e-06 6.551171e-08 1.521287e-05 36161.72 664.4284 159650.3
SET38/REP_4 48.56 1e-04 0.01 0.0001010807 0.9996955 0.0001103309 7.95791e-05 0.0001443974 106.3624 80.44206 144.6905 3.331263e-06 8.510341e-08 1.172914e-05 20893.03 985.9424 140056.4 4.922318e-06 1.767141e-08 1.544945e-05 104020.1 775.6751 704232.7 3.895027e-06 1.314073e-07 1.374346e-05 16130.79 883.7066 97960.67
SET38/REP_5 40.57 1e-04 0.01 0.0001023035 0.9960829 0.0001623107 0.0001217967 0.0002073291 75.52266 59.96132 97.91302 9.859995e-06 1.368186e-06 2.532426e-05 2377.42 477.4505 10176.8 2.763131e-06 1.096032e-07 9.759344e-06 20452.06 1322.618 133121.6 2.388997e-06 3.945981e-09 9.168294e-06 1112435 1446.507 3460479
SET38/REP_6 40.53 1e-04 0.01 0.0001037052 0.998405 8.844286e-05 6.068357e-05 0.0001215529 108.1166 78.98369 155.2222 3.700487e-06 1.104824e-07 1.149623e-05 10794.79 653.3315 68493.89 2.643353e-06 9.734533e-08 8.564368e-06 13782.23 825.5684 79581.23 1.723998e-06 9.474906e-08 5.714089e-06 14871.77 1289.941 79623.08
SET38/REP_7 36.34 1e-04 0.01 0.0001002432 0.999727 8.921679e-05 6.06537e-05 0.0001202975 106.272 72.81601 157.2517 6.734115e-06 2.825641e-07 2.035315e-05 4867.536 410.741 32576.12 3.910254e-06 1.469439e-07 1.214523e-05 8430.064 676.8108 58273.31 1.250901e-05 3.107199e-06 2.387492e-05 966.5587 348.0721 2857.438
SET38/REP_8 53.58 1e-04 0.01 0.0001011951 0.9996995 0.0001196106 8.575753e-05 0.0001550585 113.8405 86.32738 156.62 1.20214e-05 9.648823e-07 3.114271e-05 2959.163 379.3886 12342.16 6.359546e-06 2.915925e-07 1.797448e-05 6956.676 689.4231 40089.97 6.729335e-06 4.081903e-07 1.777914e-05 5557.15 656.6573 29078.98
SET38/REP_9 44.34 1e-04 0.01 0.0001046085 0.9958572 0.0001238624 9.093504e-05 0.0001611557 87.53303 63.46138 124.9148 4.047632e-06 1.635275e-07 1.231069e-05 10269.01 862.4557 73425.11 7.141291e-06 1.559852e-07 1.930706e-05 11116.09 510.1233 70734.51 2.645054e-06 6.75947e-08 9.119816e-06 89450.81 1146.292 158315.3
SET39/REP_1 43.53 1e-04 0.1 0.0001356096 0.814145 9.100892e-05 5.963938e-05 0.0001243847 117.0285 84.14986 172.0183 5.883654e-06 3.009403e-07 1.652332e-05 5386.017 523.46 30168.27 2.369496e-06 7.772065e-08 8.227708e-06 17545.49 1052.77 116210.8 3.309072e-06 1.736666e-07 9.552884e-06 9807.824 912.7198 50458.54
SET39/REP_10 51.51 1e-04 0.1 0.0001074662 0.8340142 0.0001216611 8.274051e-05 0.0001745096 92.76405 61.91313 138.4275 6.236717e-06 5.433972e-08 2.239161e-05 24505.05 459.9387 188367.9 6.875314e-06 2.711243e-07 1.785596e-05 5964.716 559.5693 38705.67 5.465002e-06 2.046163e-07 1.78885e-05 8374.474 573.181 51205.94
SET39/REP_2 42.2 1e-04 0.1 0.0001279658 0.9121533 8.90098e-05 5.21095e-05 0.0001411991 103.6019 64.51206 177.2087 1.941378e-06 7.605353e-08 7.958236e-06 23332.19 1130.136 131756.8 4.121743e-06 1.836282e-07 1.307061e-05 14662.05 635.8842 43509.76 4.454448e-06 1.529389e-07 1.654281e-05 11640.45 512.9413 61584.83
SET39/REP_3 36.58 1e-04 0.1 0.0001167397 0.9692112 9.441989e-05 6.568802e-05 0.0001271282 119.7638 84.79007 176.3854 7.47115e-06 3.094699e-07 2.355046e-05 10744.74 481.5758 36851.26 6.118682e-06 3.779005e-07 1.727665e-05 5777.784 629.7816 33132.28 4.470232e-06 2.493794e-07 1.317777e-05 10376.69 854.4076 49187.54
SET39/REP_4 54.46 1e-04 0.1 0.0001406404 0.8398774 0.0001258235 9.209938e-05 0.0001639586 86.11658 67.90437 117.7573 5.022068e-06 4.137984e-07 1.651704e-05 5982.791 690.011 30439.48 2.203762e-06 8.982793e-08 7.607571e-06 18174.88 1388.797 110989.4 1.794886e-05 2.664714e-06 4.284775e-05 1158.471 261.0507 4629.643
SET39/REP_5 43.35 1e-04 0.1 0.0001429638 0.8996287 0.0001119907 8.052622e-05 0.0001459871 106.7476 79.55407 148.8004 4.71943e-06 3.518609e-08 1.688377e-05 62257.69 666.4961 350224.5 3.332566e-06 2.109957e-07 9.726815e-06 11266.1 1150.183 60820.77 3.818075e-06 1.338485e-07 1.156462e-05 13584.65 936.017 91415.71
SET39/REP_6 56.06 1e-04 0.1 0.0001046395 0.938719 0.0001155037 8.729022e-05 0.0001496799 92.47961 70.37467 124.9914 7.516375e-06 2.342763e-07 2.054277e-05 10381.68 507.4761 46653.13 9.950408e-06 1.127609e-06 2.334258e-05 2065.655 446.6362 9398.574 3.051001e-06 2.094449e-07 9.806833e-06 10890.25 1098.209 57947.22
SET39/REP_7 42.27 1e-04 0.1 0.0001245362 0.8309952 0.0001158687 7.625716e-05 0.0001673858 92.88335 63.05337 141.2882 6.220845e-06 3.069461e-07 1.797235e-05 5901.164 518.3744 31829.93 3.500761e-06 1.899092e-07 1.033777e-05 8705.765 872.3021 50802.14 1.754006e-05 5.313323e-06 3.190594e-05 667.0869 274.1851 1849.564
SET39/REP_8 43.87 1e-04 0.1 0.0001198917 0.9519899 0.0001388688 0.0001038549 0.0001769367 95.006 73.29585 128.4371 6.095057e-06 2.566489e-07 2.072143e-05 9849.32 629.8133 57433.55 2.5692e-05 6.866724e-06 4.692443e-05 707.7624 260.1177 2227.494 1.123444e-05 3.819373e-07 3.10742e-05 5789.035 445.6148 34939.39
SET39/REP_9 37.26 1e-04 0.1 0.0001175745 0.8999364 0.0001316938 9.231026e-05 0.0001742047 101.8233 72.30625 147.816 1.294931e-05 6.643508e-07 3.349111e-05 4120.069 349.8539 21102.58 5.33016e-06 1.341822e-07 1.846847e-05 14560.17 789.23 104606.7 4.652726e-06 1.560648e-07 1.801361e-05 15941.84 773.9414 85919.49
SET40/REP_1 36.4 0.001 0 0.0009999916 1 0.001057465 0.0009108842 0.001215754 96.79876 84.63152 112.0403 3.049263e-05 1.91588e-06 8.447427e-05 10644.72 1334.967 60679.3 1.726821e-05 8.544124e-07 5.086661e-05 20122.56 2032.641 134091.6 1.912682e-05 9.084783e-07 6.061531e-05 20616.77 1657.313 120099
SET40/REP_2 36.46 0.001 0 0.001 0.9999999 0.001243076 0.001071098 0.001431093 88.04496 76.66873 101.4454 2.221903e-05 1.939936e-06 7.52622e-05 14135.05 1482.903 60871.7 5.031585e-05 4.286589e-06 0.0001170137 6004.155 862.6279 35964.59 1.832668e-05 3.400003e-07 6.178354e-05 49391.63 2037.414 325521.1
SET40/REP_6 59.08 0.001 0 0.0009999561 0.9999999 0.001061815 0.0009310667 0.001199075 98.13947 83.16655 115.4251 4.958471e-05 2.837776e-06 0.0001405786 6688.746 704.0704 38516.47 1.389155e-05 6.268123e-07 4.381806e-05 34562.84 2382.048 206070.5 4.011755e-05 1.855977e-06 0.0001315405 11621.26 936.2058 72737.56
SET40/REP_7 46.24 0.001 0 0.001000015 0.9999999 0.0009315185 0.0007760202 0.001094257 108.1177 91.64266 129.109 7.900112e-06 1.72108e-07 2.960153e-05 103570.8 3589.9 594822.7 4.151477e-05 3.213143e-06 0.0001118928 6179.337 870.1141 32828.82 1.477216e-05 3.523958e-07 4.531971e-05 43174.15 2467.469 308616.4
SET41/REP_1 59.16 0.001 0.01 0.001013606 0.9973699 0.001147026 0.0009937002 0.001300056 92.70276 83.475 104.061 1.102624e-05 4.913238e-07 3.346501e-05 30928.78 2856.75 226267.7 1.213848e-05 3.777963e-07 3.891836e-05 41824.91 2620.851 271444.5 5.795948e-05 8.137442e-06 0.0001300553 3488.034 728.8525 13226.74
SET41/REP_2 40.08 0.001 0.01 0.001079967 0.9861303 0.0009678671 0.0008142467 0.001121305 101.669 85.81661 121.3418 3.601185e-05 4.496776e-06 8.170288e-05 5664.953 1287.961 26264.61 5.537424e-06 3.631341e-08 1.995875e-05 658453.8 5524.495 4014957 1.280471e-05 1.283135e-07 4.308492e-05 112183.1 2506.177 896598.6
SET41/REP_6 35.81 0.001 0.01 0.001016044 0.9995604 0.001088392 0.0009372036 0.001258943 97.53456 83.45361 113.5923 9.389598e-06 2.397116e-07 3.182192e-05 60451.06 2806.115 433696.7 1.59067e-05 6.706777e-07 4.671693e-05 39765.31 1996.596 164195.6 2.112329e-05 6.924288e-07 6.206675e-05 24367.58 1565.764 157236.9
SET41/REP_7 51.34 0.001 0.01 0.001020235 0.997606 0.00105312 0.000926544 0.001180407 94.58196 84.58344 106.4937 1.54891e-05 5.975644e-07 4.763631e-05 42701.43 2214.013 170330.6 2.611504e-05 1.000068e-06 7.796963e-05 19375.22 1419.132 101138.5 3.12235e-05 1.670404e-06 8.198374e-05 12965.77 1155.327 67955.25
SET42/REP_1 36.39 0.001 0.1 0.001436091 0.8779818 0.001011175 0.0008619408 0.001170243 104.061 87.10327 125.5744 2.91267e-05 1.457689e-06 8.463148e-05 17116.84 1272.344 84808.13 7.112258e-06 2.363146e-07 2.823863e-05 73688.46 3981.026 474509.2 3.266455e-05 2.474559e-06 8.535715e-05 10039.03 1304.779 49574.3
SET42/REP_2 35.21 0.001 0.1 0.001183951 0.8679442 0.001015888 0.0008619677 0.00116693 90.93744 78.71249 106.3467 1.709384e-05 9.767978e-07 5.142495e-05 16352.08 1759.222 96831.73 1.305519e-05 1.92946e-07 4.949861e-05 78428.13 1891.744 465040.1 1.526702e-05 4.281568e-07 5.176445e-05 77957.71 1722.688 219273.8
SET42/REP_6 45.88 0.001 0.1 0.001250461 0.9005834 0.001001749 0.0008844263 0.00112175 101.1216 91.46421 113.0197 1.017574e-05 3.91678e-07 3.335128e-05 42615.28 3420.143 265737.8 8.651981e-06 2.498166e-07 2.830551e-05 67655.46 3704.282 439645.1 3.534527e-05 2.13607e-06 9.10827e-05 10887.74 1257.106 62355.88
SET42/REP_7 36.97 0.001 0.1 0.001192517 0.8194613 0.0008750265 0.0007323761 0.001019924 114.6316 98.47084 134.9622 1.482505e-05 4.478379e-07 4.469159e-05 32565.03 2042.714 221994.3 1.657287e-05 1.470573e-06 4.747772e-05 14949.17 2068.025 66641.48 1.60593e-05 2.737592e-07 4.969367e-05 70678.11 1927.026 346383.3
SET46/REP_1 52.12 5e-04 0 0.0004999996 0.9999999 0.0004963365 0.0003868718 0.000620225 102.4613 81.30127 130.2641 9.429784e-06 1.956654e-07 3.095891e-05 71561.24 1633.026 278662.8 9.105477e-06 2.475486e-07 2.804326e-05 25062.35 1651.521 179131.6 8.352293e-06 3.565073e-07 2.678706e-05 22693.09 1817.658 137032.3
SET46/REP_6 42.42 5e-04 0 0.0004999999 0.9999999 0.0005866706 0.0004867654 0.0006979751 90.99094 77.41238 107.0945 2.434661e-05 2.05598e-06 5.641832e-05 4876.903 890.0071 24903.82 3.352405e-05 3.337572e-06 7.281798e-05 6025.908 689.9575 17585.44 1.254434e-05 8.078424e-07 3.985018e-05 13546.36 1335.102 74500.08
SET47/REP_1 48.96 5e-04 0.01 0.0005075783 0.9971144 0.0005295371 0.0004439998 0.0006196581 94.71192 77.71854 115.9329 1.247793e-05 5.641627e-08 4.216577e-05 121341.6 1282.413 1061282 4.419079e-06 1.024818e-07 1.547844e-05 159881.2 3646.223 475601.3 6.484742e-06 1.844701e-07 2.220155e-05 42028.56 2311.736 287674.9
SET47/REP_6 54.43 5e-04 0.01 0.0005012784 0.9995793 0.0005735206 0.0004866407 0.0006680617 96.00105 83.91534 110.5279 3.200712e-05 2.889824e-06 8.411223e-05 4005.621 689.0476 20587.46 1.288361e-05 8.391939e-07 3.933568e-05 13916.39 1416.989 74483.25 1.283652e-05 6.144006e-07 4.099472e-05 35630.25 1415.206 88384.55
SET48/REP_1 45.58 5e-04 0.1 0.0006396649 0.8142691 0.0004634162 0.0003758764 0.0005578619 96.23845 81.51978 114.9957 1.554257e-05 1.404637e-06 3.92029e-05 7949.863 995.978 32923.74 7.561252e-06 7.287895e-08 2.235879e-05 184323.9 1818.108 597325 1.652366e-05 2.161883e-07 5.443415e-05 27041.78 841.7142 212087.1
SET48/REP_6 36.65 5e-04 0.1 0.0005641206 0.8853347 0.000485659 0.0004087491 0.0005662204 110.3235 92.68982 132.2018 1.615153e-05 5.721039e-07 5.587033e-05 22007.99 978.7057 88898.57 1.471536e-05 3.531331e-07 5.315338e-05 26412.71 1039.057 158237 1.28295e-05 5.538785e-07 4.368028e-05 18283.02 1312.961 110672.4
