SET28/REP_1 4.16 5e-04 0 0.0005002755 0.9999896 0.001973186 0.001349377 0.002675942 26.45139 17.80469 38.80271 0.0001363338 4.000752e-06 0.0003687232 2339.9 130.0225 12379.57 8.782457e-05 3.085579e-06 0.000257705 2381.568 186.8343 16589.68 6.888819e-05 1.768397e-06 0.0002430915 3963.823 202.3028 28879.06 4.950938e-05 9.00269e-07 0.0001663923 26814.65 281.7895 52779.6 0.000113839 4.924666e-06 0.0003137482 1649.155 147.9212 10502.03
SET28/REP_10 2.26 5e-04 0 0.0005000548 0.9999896 0.001499168 0.0006278175 0.002458401 37.44051 20.46146 77.14417 0.0001096438 4.837517e-06 0.0003427383 1817.264 139.1406 10052.68 0.0001473526 6.606253e-07 0.0004603935 11667.05 102.9351 72136 0.0001310623 4.476089e-06 0.0004345313 1554.597 110.5909 11039.8 0.0004092687 6.697342e-05 0.0008118334 179.5757 59.13562 733.5413 0.0001275849 9.316008e-06 0.0003750076 976.1911 128.7918 5348.62
SET28/REP_2 3.43 5e-04 0 0.0004999608 0.999996 0.001769522 0.001022814 0.002595932 29.87775 19.73981 47.78701 0.0002321688 1.361074e-05 0.0006106488 585.7401 78.05933 3530.104 0.0001071538 2.512169e-06 0.0003190858 2352.169 148.6122 18325.48 0.0002446332 1.61451e-05 0.0005987752 571.6769 80.0454 3018.818 0.0003011359 5.708583e-05 0.0005590003 232.6581 85.02907 831.4312 0.0001701488 4.971833e-06 0.0004418291 1255.25 107.7302 9436.606
SET28/REP_3 4.14 5e-04 0 0.0004997887 0.999996 0.001230776 0.0005867648 0.001902715 47.90244 28.67548 91.82986 0.0002730824 1.755406e-05 0.0006168818 690.3597 85.55827 2959.373 0.0002339255 3.327347e-05 0.0004604734 484.6 113.5658 1558.209 0.0001097255 9.591928e-06 0.0002965342 1090.849 173.28 5613.62 0.0001968745 1.920696e-05 0.0004323689 534.4507 120.1542 2668.113 0.000106149 1.057174e-06 0.0003441092 16399.62 150.4233 49395.42
SET28/REP_4 1.96 5e-04 0 0.0004997893 0.9999777 0.001909031 0.001053002 0.002882119 30.59451 18.16973 53.62841 0.0001913777 3.983637e-06 0.0005153078 11791.42 103.3102 14071.03 0.0001424724 3.338712e-06 0.0004262092 3507.941 121.6012 15798.52 0.0001182808 3.55732e-06 0.0003693205 2279.068 140.0457 15230.14 0.0001592194 5.290869e-06 0.0004319637 2301.495 120.3104 9894.906 0.0005231321 0.0001037533 0.0009664142 143.3556 54.66688 528.6491
SET28/REP_5 4.34 5e-04 0 0.0005000618 0.9999944 0.001518163 0.0009063622 0.002268426 34.39443 21.64334 54.96059 0.0002817726 5.093148e-05 0.0005839068 250.1396 77.71714 894.3737 0.0001561009 1.253388e-05 0.0004339874 733.4756 107.9731 3824.259 0.0001386856 7.568263e-06 0.0003911957 1055.954 116.9571 6155.706 0.0002658022 4.126125e-05 0.0005717484 281.7708 80.278 1110.908 0.000277915 2.639945e-05 0.0006355072 415.7023 72.97947 1777.105
SET28/REP_6 2.94 5e-04 0 0.0004999207 0.9999929 0.001790381 0.00102491 0.002553406 31.12969 20.78724 50.5766 0.0002846898 3.640763e-05 0.0005788755 364.8408 87.16817 1411.73 0.0002059122 6.772546e-06 0.0005702007 2219.201 90.50041 7448.301 0.0001175864 1.493801e-06 0.0003792226 7359.046 134.8876 33032.38 0.0002615905 2.82265e-05 0.0006046991 439.8954 84.70817 1868.707 0.0004637774 8.940366e-05 0.000854491 172.3978 60.07032 573.5188
SET28/REP_7 4.36 5e-04 0 0.0004998968 0.9999963 0.001635033 0.0008841 0.002451685 35.93518 22.94546 61.84229 0.000318418 5.912051e-05 0.0006266146 283.4529 84.40091 897.6443 0.0002272002 1.302045e-05 0.0006261783 669.4258 84.36552 4065.564 0.0001218604 6.547208e-06 0.0003463496 1303.442 154.0573 8042.666 0.0001086293 3.214875e-06 0.0003216849 2145.933 163.1568 16039.24 0.0001890441 1.667025e-05 0.0004569925 623.7118 115.4093 3162.179
SET28/REP_8 3.08 5e-04 0 0.0005000287 0.9999928 0.001910002 0.001166951 0.002761057 26.29574 17.32797 41.09752 0.0001325316 4.493226e-06 0.0003831102 1486.99 120.5425 10644.19 0.0005774607 0.0001305873 0.001113412 113.0341 41.70649 363.857 0.0002384905 1.369352e-05 0.000576099 549.4474 81.90309 3289.518 0.0001643034 9.476915e-06 0.0005177641 1369.561 91.10705 4903.542 9.101465e-05 5.358752e-06 0.000280481 1530.759 163.2152 9308.281
SET28/REP_9 3.83 5e-04 0 0.0005001252 0.9999953 0.002097542 0.001205192 0.003111596 30.50138 18.51068 51.72697 6.165723e-05 2.385696e-06 0.0001961948 4453.75 290.0845 23447.06 0.0001308235 5.286953e-06 0.0004147066 1653.343 128.7252 10311.92 0.0001413907 5.142895e-06 0.0004775453 1501.948 117.6692 10469.36 0.0002176914 2.827575e-05 0.0004933506 470.8242 110.8839 2081.882 0.0001461176 7.370347e-06 0.0003998636 1182.405 140.7372 7656.153
SET29/REP_1 9.17 5e-04 0 0.000500032 0.9999993 0.001352985 0.0009121687 0.001837935 42.72976 31.43186 60.40515 9.305137e-05 2.688916e-06 0.0002708918 3357.6 195.584 19710.86 0.0001914319 3.328936e-05 0.0004038141 427.6055 134.0267 1680.542 0.0002574444 5.82723e-05 0.0004960259 295.1523 108.3156 904.2204 0.0002650604 5.34374e-05 0.0005219834 295.3127 105.8825 982.4768 7.601909e-05 3.650675e-06 0.0002348813 2456.565 231.9892 14051.08
SET29/REP_10 5.47 5e-04 0 0.0005000182 0.9999961 0.001452102 0.0009017763 0.002062053 36.09856 23.35582 56.91069 7.325964e-05 3.447816e-06 0.0002283457 2278.012 209.1723 13936.28 7.068955e-05 4.27332e-06 0.0002063423 1973.601 233.3779 11508.53 0.0001263798 6.993305e-06 0.0003186333 1063.159 151.2406 7114.492 0.0001188508 8.572836e-06 0.0003101878 1129.812 157.6274 5760.034 8.729086e-05 9.567614e-06 0.0002217391 1094.026 219.1382 5141.438
SET29/REP_2 11.2 5e-04 0 0.0005001372 0.9999992 0.001008618 0.0005829257 0.001461058 55.58024 38.19695 88.38973 2.887968e-05 9.241933e-07 9.320879e-05 7708.421 516.4179 52493.02 4.431042e-05 2.288845e-06 0.0001259039 3515.28 386.3394 20948.61 3.03742e-05 1.485339e-06 9.799664e-05 5451.029 504.5668 33396.6 5.548689e-05 3.10065e-06 0.0001635968 3300.451 296.4577 15621.88 8.765511e-05 2.178103e-06 0.0002380973 3091.21 207.0093 22325.18
SET29/REP_3 14.28 5e-04 0 0.0004999961 0.9999991 0.000896051 0.0005218795 0.001324106 64.89762 42.0149 103.8569 5.738129e-05 3.648752e-06 0.0001588234 3948.175 330.3523 14771.48 5.274772e-05 4.990702e-06 0.0001399763 2195.413 373.63 10461.78 8.226685e-05 1.798772e-06 0.000212712 3127.236 247.9214 29273.11 0.0001110493 8.57307e-06 0.0002453675 1141.037 213.7869 6071.467 0.0001885053 3.774983e-05 0.0003484187 406.7645 150.5159 1380.031
SET29/REP_4 12.52 5e-04 0 0.0004998707 0.9999981 0.001439021 0.0009748522 0.001963625 37.88618 27.35123 54.11781 0.0001082328 7.401531e-06 0.0002352412 1094.408 207.6531 6958.301 3.951416e-05 9.195757e-07 0.0001322685 10412.37 379.0023 49901.88 2.883513e-05 9.167332e-07 8.380268e-05 9368.473 586.98 55234.12 4.650377e-05 4.104648e-06 0.0001246976 3190.617 398.9916 12382.14 2.409769e-05 7.888928e-07 9.032397e-05 12097.07 552.9109 62639.93
SET29/REP_5 7.15 5e-04 0 0.0004998478 0.999998 0.001190892 0.0007400805 0.001671344 47.29545 32.17646 72.92012 4.642876e-05 5.977259e-07 0.0001598364 8829.788 329.6833 86343.71 4.463774e-05 6.958736e-07 0.0001492771 12592.58 343.4754 72447.14 3.914599e-05 1.071155e-06 0.0001423262 6992.138 354.1371 48646.24 8.354412e-05 5.217137e-06 0.0002303115 1634.698 221.8971 9595.32 0.0001141235 1.017121e-05 0.0003305964 1070.395 153.1176 5152.591
SET29/REP_6 13.19 5e-04 0 0.0004999794 0.9999991 0.001081664 0.0007013965 0.001511688 48.11967 33.92134 70.37538 4.626068e-05 1.186982e-06 0.00014038 6835.745 329.317 38203.75 4.189347e-05 1.107853e-06 0.0001168148 26856.59 379.3083 40816.27 6.761557e-05 4.197909e-06 0.0001944213 2158.796 234.5653 10680.8 8.334627e-05 4.605404e-06 0.0002419503 1767.947 189.2127 9806.211 3.341698e-05 5.759671e-07 0.000114798 12322.58 396.4467 79189.04
SET29/REP_7 9.9 5e-04 0 0.0005001071 0.9999991 0.001180978 0.0007187625 0.00169766 43.16806 29.84723 64.82068 3.23031e-05 8.406437e-07 0.0001045536 6826.885 421.4512 52780.6 3.238397e-05 7.435344e-07 0.0001172687 7675.75 377.9669 59498.7 5.255091e-05 2.002365e-06 0.000140848 3352.611 318.5768 22772.13 4.309106e-05 1.841826e-06 0.0001238117 3299.539 359.9656 24183.69 0.0001887158 3.53374e-05 0.0003521472 345.4964 127.8548 1247.858
SET29/REP_8 5.83 5e-04 0 0.0005002724 0.9999963 0.001447354 0.0007440681 0.002335174 39.56388 23.88297 69.37742 0.0001458433 4.003226e-06 0.0004180221 2839.72 120.526 12607.2 0.0001114076 7.648622e-06 0.0003230382 1242.346 155.7248 6513.132 0.0001372465 5.909477e-06 0.0003330841 2123.111 150.1965 8026.304 0.0001351483 5.926916e-06 0.0003763867 1428.509 130.697 8330.139 0.0001299349 4.126012e-06 0.0003229531 1833.969 153.0237 11749.15
SET29/REP_9 11.89 5e-04 0 0.0004999573 0.9999987 0.001094361 0.0006817553 0.001560385 51.02029 34.46153 78.39533 4.030376e-05 1.781655e-06 0.0001267884 6418.182 400.2162 28409.13 5.045744e-05 2.478423e-06 0.0001532349 3777.964 325.0798 20449.61 6.787308e-05 4.334725e-06 0.0001882538 2310.434 270.8498 11789.04 5.044814e-05 1.305737e-06 0.0001590047 5174.194 315.8705 38050.58 0.0001450634 8.543307e-06 0.0003380752 1165.747 149.7777 5769.019
SET30/REP_1 19.58 5e-04 0 0.0004999415 0.9999997 0.0005876605 0.000404793 0.0007796988 88.41075 65.48246 123.425 7.543517e-05 5.390266e-06 0.0001899043 1659.245 257.4431 9527.134 1.747084e-05 1.456604e-07 5.793003e-05 34540.05 872.9109 337229.5 4.49369e-05 9.815632e-07 0.0001333342 7722.432 367.8196 49137.62 1.277776e-05 4.129986e-07 4.84889e-05 18301.5 1017.03 117747.6 6.035221e-05 3.656547e-06 0.0001838388 2672.66 266.4219 13291.76
SET30/REP_10 19.93 5e-04 0 0.0004999642 0.9999997 0.0006254161 0.0004174841 0.0008596276 80.51927 56.71358 116.2121 1.552221e-05 3.038455e-07 4.922618e-05 21941.52 946.2757 159756.3 7.750102e-06 2.453117e-07 2.747609e-05 29948.65 1713.375 197454.9 4.006354e-05 1.6695e-06 0.0001080612 4074.032 436.5474 28147.36 1.703802e-05 2.336309e-07 6.24678e-05 25858.17 744.3576 198424.9 2.490093e-05 1.557574e-06 7.129665e-05 5523.288 665.2675 30161.62
SET30/REP_2 20.15 5e-04 0 0.0004999606 0.9999997 0.0005927955 0.0004398373 0.0007431689 95.83833 74.0776 127.2451 4.516487e-05 3.559871e-06 0.0001057116 2942.867 531.727 14882.92 5.772983e-05 7.135424e-06 0.0001238189 1820.928 441.6266 7864.697 5.678336e-05 4.983425e-06 0.0001241138 2342.594 448.2951 10984.91 3.99802e-05 1.967225e-06 0.000101426 3993.897 532.7558 29106.51 3.641451e-05 1.612792e-06 0.0001004777 11915.54 570.3207 34453.17
SET30/REP_3 21.03 5e-04 0 0.0004999974 0.9999998 0.0006037588 0.00046403 0.0007516413 85.42159 67.32457 110.1367 4.000606e-05 2.07272e-06 0.000115901 4517.001 456.4543 25330.63 2.447564e-05 7.25012e-07 7.447539e-05 10641.39 701.5005 71297.79 1.586355e-05 7.489773e-07 5.140673e-05 11262.19 979.0998 69979.76 2.214896e-05 4.503247e-07 8.245972e-05 23229.81 623.0597 120407.1 2.703644e-05 1.444641e-06 8.582948e-05 5551.111 595.6526 34635.68
SET30/REP_4 20.96 5e-04 0 0.000499997 0.9999998 0.0005910957 0.0004416787 0.0007407052 83.47546 64.88435 110.1212 2.223036e-05 7.289782e-07 7.249427e-05 9471.472 671.9483 66567.77 1.759293e-05 7.899917e-07 5.45967e-05 9566.047 863.6503 62811.6 1.543669e-05 1.552612e-07 4.797865e-05 68568.4 998.8928 297798.8 1.801368e-05 8.012985e-07 5.343831e-05 11176.07 896.6826 59449.71 2.664203e-05 1.443991e-06 7.336211e-05 5294.079 645.8714 34824.52
SET30/REP_5 22.84 5e-04 0 0.0005000258 0.9999998 0.0005387 0.0003629117 0.0007444048 97.39297 67.5736 139.9443 6.930013e-06 2.345378e-07 2.38182e-05 40787.72 1941.691 210518.7 2.08596e-05 9.190495e-07 5.532667e-05 9338.638 850.6563 53059.21 3.06069e-05 1.939837e-06 7.803457e-05 5954.76 599.718 24958.42 1.408814e-05 3.767338e-07 4.711114e-05 18707.3 971.5644 137895.7 1.763868e-05 3.459589e-07 5.95436e-05 43443.08 775.339 141044.2
SET30/REP_6 24.15 5e-04 0 0.0004999689 0.9999998 0.0005705748 0.0004105876 0.0007477144 91.85489 69.57554 123.647 1.94002e-05 1.237793e-06 5.427205e-05 7100.424 945.2982 40215.36 4.892577e-05 1.579768e-06 0.0001333635 4345.345 383.6309 31975.34 2.230478e-05 9.957501e-07 6.999314e-05 7692.054 723.0839 51432.77 3.161861e-05 1.412295e-06 8.886222e-05 5309.886 553.7787 36119.5 1.304445e-05 6.154078e-07 4.154743e-05 12498.75 1168.173 78877.95
SET30/REP_7 18.75 5e-04 0 0.0004999783 0.9999997 0.0006609617 0.0004963039 0.0008237946 75.07308 59.35658 97.33741 1.436146e-05 5.466652e-07 4.874027e-05 15702.15 982.9845 91014.65 4.06098e-05 1.205872e-06 0.0001196401 5501.963 394.9891 39026.05 2.282582e-05 1.002391e-06 7.269696e-05 7079.32 652.0913 48408.55 2.976199e-05 2.081717e-07 9.057369e-05 38410.28 523.85 233226.2 2.522255e-05 8.953118e-07 7.807679e-05 9877.731 604.221 54175.42
SET30/REP_8 22.58 5e-04 0 0.0004999781 0.9999998 0.000576133 0.0004242085 0.0007438001 88.53642 68.08519 116.0415 9.338514e-06 1.366558e-07 3.503145e-05 45937.99 1395.91 357739.5 2.054361e-05 5.992198e-07 6.322087e-05 27878.95 786.4326 80346.94 2.639898e-05 4.899353e-07 7.829306e-05 10366.28 621.0879 97776.83 1.728315e-05 1.151212e-06 4.684293e-05 8044.73 1023.781 42969.07 2.717704e-05 2.611334e-06 7.016891e-05 3774.189 694.3036 17962.24
SET30/REP_9 26.94 5e-04 0 0.000499976 0.9999997 0.0005257033 0.0003832134 0.0006834975 93.35916 70.66485 125.4892 2.560617e-05 1.794264e-06 7.145683e-05 4602.919 633.3497 25821.72 5.22028e-05 5.139185e-06 0.0001140779 2208.78 387.5383 8778.052 2.83938e-05 1.779621e-06 7.716067e-05 4462.033 583.9695 25221.11 2.649068e-05 1.257998e-06 6.66621e-05 6411.782 675.5316 37939.28 3.2017e-05 1.755457e-06 8.195616e-05 4040.541 544.6059 26458
SET31/REP_1 2.73 5e-04 0.01 0.0007985793 0.6497141 0.001146245 0.0004084502 0.002250101 58.163 25.34046 135.8476 0.0001612319 1.467393e-05 0.0004007268 725.0981 137.541 3648.287 0.0001072308 5.471134e-06 0.0003077929 1654.959 175.9229 9965.336 0.0001942178 1.493192e-05 0.0005256732 651.5556 101.2263 3691.166 0.0001943581 7.729092e-06 0.0004873083 990.7105 108.456 7098.477 0.0001387564 5.045557e-06 0.0004049741 1732.195 130.1283 10704.39
SET31/REP_10 4.23 5e-04 0.01 0.0006422042 0.9199055 0.001799691 0.001134111 0.002581974 26.60307 16.60666 41.28983 0.0001147342 6.417896e-06 0.0003589225 1233.58 119.4512 7276.841 7.445304e-05 3.32449e-06 0.0002403233 2206.755 177.6789 13054.65 0.0001427677 8.758899e-06 0.0004366866 1095.809 101.5907 4988.573 0.0003170655 3.694698e-05 0.0006735394 373.0445 62.9892 1219.307 0.0002713009 2.903467e-05 0.0006091337 314.8881 71.23275 1540.879
SET31/REP_2 4.35 5e-04 0.01 0.0006564619 0.8509366 0.001499789 0.0008189173 0.002342797 34.38602 21.27847 57.85377 0.0001724265 1.003511e-05 0.0004468479 860.226 101.8147 4574.851 0.0001385085 1.15159e-05 0.0003510383 831.9258 129.3168 4032.654 0.0001766514 2.034662e-05 0.0004034477 576.539 114.9536 2357.217 0.0001837262 8.558693e-06 0.0004975385 789.7337 92.71541 5446.246 0.0001239559 3.896779e-06 0.0003537268 1485.291 127.9689 11608.97
SET31/REP_3 4.6 5e-04 0.01 0.0005566756 0.9522056 0.0007457914 0.0001540919 0.001430214 109.6875 38.67958 351.7116 0.0001165229 2.10729e-06 0.0003425537 7798.659 150.63 24497.38 0.0001530128 9.989058e-06 0.0004229608 874.693 124.6202 5183.476 9.534453e-05 6.635934e-06 0.0002780735 1693.677 190.9118 8005.392 0.0001161997 5.809439e-06 0.0003262152 1435.72 161.743 8899.665 0.0001155779 5.885463e-06 0.0003225049 1404.515 159.8563 8802.531
SET31/REP_4 3.06 5e-04 0.01 0.0006086534 0.837394 0.001122568 0.0003270649 0.002008756 58.41218 26.19886 158.3291 0.0003727734 4.3428e-05 0.000878505 316.9505 57.40975 1190.316 0.0002534273 1.92477e-05 0.0006405201 544.664 78.90503 2663.331 0.0004237381 3.133181e-05 0.0009686303 441.2548 52.83326 1673.38 0.0002901171 1.259261e-05 0.000728521 834.4177 70.8545 4047.462 0.0002801489 2.354193e-05 0.0006933047 541.8385 73.31129 2230.499
SET31/REP_5 3.25 5e-04 0.01 0.0006339599 0.9093356 0.001884383 0.001165313 0.002681278 26.67078 17.73379 41.18767 0.0001270423 1.063596e-05 0.0003398638 797.61 129.2317 4137.571 8.784129e-05 2.943736e-06 0.0002489426 2934.289 179.1208 15190.86 5.587213e-05 1.262572e-06 0.0001948761 7159.072 224.4373 37762.27 0.0003339844 5.068316e-05 0.000652657 329.1186 67.80539 910.0027 8.128826e-05 4.322067e-06 0.0002734483 1755.391 166.9503 10440.56
SET31/REP_6 4.18 5e-04 0.01 0.000632795 0.8775171 0.001220881 0.0005426483 0.001994497 48.47694 27.34378 95.80231 0.0001665036 6.86996e-06 0.0004458723 1195.976 113.8471 7437.486 0.0001705958 9.700649e-06 0.0004323372 1056.389 118.8589 5299.336 9.698632e-05 4.093017e-06 0.0003194205 2379.306 161.2421 12437.4 0.0001976777 1.309796e-05 0.0005325441 653.2133 97.29354 3992.846 6.491722e-05 2.714535e-06 0.0002341298 3420.33 221.825 18731.49
SET31/REP_7 3.54 5e-04 0.01 0.001481319 0.6310929 0.001831493 0.001151019 0.002591031 28.42046 18.6257 43.90022 0.0001075204 4.757743e-06 0.0003155378 1779 147.991 10147.64 0.0001852271 1.431718e-05 0.0005037931 633.4546 97.03464 3418.107 6.878806e-05 1.882654e-06 0.0002430209 4845.313 198.642 25490.27 0.0003791848 6.598947e-05 0.0007231711 184.0549 67.15691 739.3054 8.075729e-05 1.249756e-06 0.0002736994 4801.951 176.4493 38175.75
SET31/REP_8 3.31 5e-04 0.01 0.0005815202 0.9730796 0.002248869 0.001234174 0.003397196 24.67797 15.36775 41.03471 0.0004050206 5.525307e-05 0.0007711654 310.4975 62.78783 886.0124 6.766133e-05 1.420241e-06 0.0002230002 4191.861 213.4937 33735.89 8.880864e-05 2.730716e-06 0.0002662538 2908.946 181.9168 17658.62 0.000139606 5.722853e-06 0.0003785714 2066.821 126.9917 8659.256 0.0001163117 4.417992e-06 0.0003432366 1602.361 141.7897 11379.12
SET31/REP_9 4.42 5e-04 0.01 0.000567169 0.961543 0.00166842 0.000934503 0.00254191 32.63231 20.31101 54.14122 5.355685e-05 2.176534e-06 0.0001677446 4020.574 288.5813 22227.18 4.66383e-05 1.446586e-06 0.0001547077 5074.442 309.5795 33710.15 8.682323e-05 4.031084e-06 0.0002708836 2025.631 177.7442 12263.07 0.0001175074 7.890678e-06 0.0003367495 1075.008 143.8663 6033.666 0.0002346103 2.329804e-05 0.0004986559 401.2858 97.76107 2048.472
SET32/REP_1 8.2 5e-04 0.01 0.0006387867 0.8523565 0.001622059 0.001007458 0.002277223 37.8945 26.34068 56.52847 5.57756e-05 9.198746e-07 0.0001655252 7401.407 326.7203 59718.06 4.613097e-05 1.498233e-06 0.0001535251 5339.711 353.7345 38165.18 8.794759e-05 3.357986e-06 0.0002645483 2561.929 207.4279 16556.01 5.140828e-05 2.752789e-06 0.0001351604 3040.292 407.9976 20143.19 7.083097e-05 2.771189e-06 0.0002292786 3638.106 237.583 19702.53
SET32/REP_10 12.61 5e-04 0.01 0.0005569423 0.9482603 0.001124155 0.0007307104 0.0015619 49.24153 34.54719 72.00939 0.0001311773 1.331325e-05 0.0002859785 965.7434 180.9249 4005.593 7.220987e-05 4.072292e-06 0.0001876276 2416.512 267.4389 12162.3 0.0001011627 6.275304e-06 0.0002322943 1276.905 225.1748 8173.655 0.0001418413 1.735311e-05 0.0003051803 706.4075 169.115 2982.986 6.178135e-05 5.691845e-06 0.0001506139 2149.598 338.9524 9406.089
SET32/REP_2 7.65 5e-04 0.01 0.000634021 0.8793241 0.001185645 0.000580354 0.001810298 50.04005 30.3019 92.09616 0.0001466582 6.511639e-06 0.0003323006 1174.57 160.8006 7720.82 6.041179e-05 2.326204e-06 0.000181264 3115.015 292.5308 22313.72 0.0001590187 7.15696e-06 0.0003940292 1131.029 131.6445 7372.449 2.932557e-05 4.792676e-07 0.0001007262 12575.21 506.111 108845 9.631554e-05 4.490905e-06 0.0002503316 1695.444 207.7554 11409.45
SET32/REP_3 13.82 5e-04 0.01 0.0005158261 0.9915768 0.0009586887 0.0005541113 0.001464015 57.71644 38.00351 90.84397 0.0001783046 2.66427e-05 0.0003672926 523.4137 133.348 1843.135 3.099739e-05 1.274583e-06 0.0001073417 7543.212 451.5911 37059.3 0.0001398207 6.129996e-06 0.0003543007 1361.857 140.5736 7968.932 0.0001117236 3.076294e-06 0.0003096593 1923.838 159.6259 16008.19 0.0001038416 6.126692e-06 0.0002726395 1633.176 179.2438 8146.293
SET32/REP_4 6.5 5e-04 0.01 0.0007473998 0.8920741 0.001324793 0.0007349918 0.002006973 36.88453 22.37903 62.52282 0.0001200615 1.263161e-05 0.0002856145 831.1975 151.511 3506.022 0.0001288543 9.518759e-06 0.000322277 809.9942 134.5334 4485.976 5.716493e-05 1.13941e-06 0.0001925694 5307.287 221.3392 37879.2 0.0001301884 1.805238e-05 0.0002932501 629.8723 145.0756 2361.213 7.300236e-05 1.654816e-06 0.0002195992 3822.659 196.8589 27301.05
SET32/REP_5 11.54 5e-04 0.01 0.0005377226 0.9765607 0.0008858557 0.0004874608 0.001320508 62.10672 39.85515 103.7826 6.243299e-05 3.167508e-06 0.0001625181 2912.034 298.7193 15305.33 1.459034e-05 3.053342e-07 5.243479e-05 25794.28 920.6083 164027.5 4.031012e-05 8.227865e-07 0.0001213709 14567.61 408.9635 58071.87 3.314367e-05 1.203475e-06 9.669885e-05 6301.284 502.8339 40922.32 5.165047e-05 2.087551e-06 0.0001405024 3438.558 355.1398 23291.84
SET32/REP_6 12.49 5e-04 0.01 0.000556131 0.9464017 0.0008712351 0.0004561675 0.00139905 63.72294 38.52446 108.8457 4.89591e-05 2.447797e-06 0.0001366812 3388.49 353.2156 19169.01 8.790901e-05 9.42878e-06 0.0002001114 1070.755 237.3503 5086.594 2.44958e-05 1.43763e-06 8.37636e-05 6124.154 583.5882 33373.33 2.809269e-05 1.872712e-06 8.096653e-05 4433.798 586.5939 25668.94 6.548935e-05 1.587491e-06 0.0001704815 6708.726 278.5382 30516.43
SET32/REP_7 5.46 5e-04 0.01 0.0005417316 0.9653479 0.0008261172 0.000360183 0.001340551 68.93196 38.12535 137.3428 8.710728e-05 5.530249e-06 0.0002508598 1630.963 194.866 8912.219 5.893932e-05 3.140289e-06 0.0001643368 2860.504 290.5071 15491.76 0.0001314277 1.078752e-05 0.0002831279 781.4265 171.2392 4665.702 7.487407e-05 3.379345e-06 0.0002313777 4010.283 208.3319 15249.83 6.805601e-05 3.158274e-06 0.0001876459 2738.381 257.9767 15790.23
SET32/REP_8 7.6 5e-04 0.01 0.0005368536 0.9785831 0.00101934 0.0005723803 0.001595026 59.4647 36.07316 96.64591 6.270484e-05 4.405937e-06 0.000182393 2654.739 290.6959 11953.51 4.207172e-05 1.581673e-06 0.0001213614 5362.831 438.4683 33405.9 7.766893e-05 4.424092e-06 0.000218339 1986.077 243.3542 12038.6 8.891238e-05 1.101717e-05 0.0002267519 1144.126 234.5901 4829.416 0.000177642 2.939326e-05 0.0003464729 849.3017 156.1937 1860.938
SET32/REP_9 9.52 5e-04 0.01 0.0005896518 0.9550893 0.0009516171 0.0005295567 0.001414334 61.1775 39.27829 102.2203 8.630812e-05 4.222055e-06 0.0002256203 1950.576 235.3845 12176.85 0.0001406874 1.160542e-05 0.0003087569 783.8154 172.0197 4534.802 7.099113e-05 2.535716e-06 0.0002211031 3591.388 238.3057 20793 2.597786e-05 1.0068e-07 8.765916e-05 158151.2 606.4512 524313 6.162364e-05 3.886946e-06 0.0001672126 2569.362 316.6103 13604.91
SET33/REP_1 16.62 5e-04 0.01 0.0004869092 0.9894869 0.0006850533 0.0005121415 0.0008487579 73.87829 58.67741 96.41237 9.635086e-05 7.663092e-06 0.0001955484 1123.383 248.6659 6602.513 5.030173e-05 1.140053e-06 0.0001272854 6871.487 397.4645 44824.6 3.410779e-05 1.431762e-06 0.0001036486 6881.448 491.374 35951.93 2.734761e-05 7.47567e-07 8.048016e-05 10123.4 621.4696 64086.01 8.646402e-05 6.208411e-06 0.0001787223 1691.789 272.8758 7811.89
SET33/REP_10 16.86 5e-04 0.01 0.0005130594 0.9977712 0.0005072836 0.0003178519 0.0006976104 112.0791 77.77344 171.901 3.600711e-05 2.771087e-06 9.304113e-05 3434.851 572.9782 18563.69 2.759059e-05 1.08062e-06 9.23073e-05 7918.812 576.8069 50292.55 2.069017e-05 4.7218e-07 6.434584e-05 13717.63 833.6036 115829.5 4.88903e-05 4.477082e-06 0.0001174975 2436.876 438.3717 12064.41 2.246985e-05 5.476818e-07 6.792471e-05 13688.94 773.6397 96432.64
SET33/REP_2 25.42 5e-04 0.01 0.00053775 0.9640882 0.0006070128 0.0004466438 0.0007759987 83.88764 64.0867 111.9102 3.129118e-05 1.674019e-06 8.568725e-05 5465.883 576.2575 29226.23 1.758632e-05 7.573799e-07 5.215607e-05 10465.87 935.7912 66432.41 8.635942e-06 2.956168e-07 3.108068e-05 24108.18 1560.299 169710 1.549663e-05 1.474198e-06 5.070487e-05 7857.539 958.9836 34614.25 1.40651e-05 3.06693e-07 4.640383e-05 23454.44 1059.319 162456
SET33/REP_3 15.65 5e-04 0.01 0.00056999 0.9362104 0.0006525839 0.0004593809 0.00084847 80.54531 58.27939 112.4074 1.977658e-05 1.064604e-06 6.108002e-05 13401.45 823.5221 48445.79 2.961948e-05 8.282162e-07 9.093106e-05 9435.532 535.3302 62445.85 1.849431e-05 8.907181e-07 5.79654e-05 10637.17 891.9674 55716.05 1.932838e-05 1.016e-06 5.818415e-05 9343.704 916.3732 47854.64 8.696872e-06 3.365383e-07 3.207813e-05 28490.47 1596.144 149422.1
SET33/REP_4 22.38 5e-04 0.01 0.0005166855 0.995447 0.0005312269 0.0004013509 0.0006589505 102.243 80.24144 134.2586 2.895115e-05 2.974273e-06 7.520563e-05 3709.324 671.8838 17554.5 1.141533e-05 2.760098e-07 3.87829e-05 23572.04 1336.502 184279.7 4.852542e-05 2.130593e-06 0.0001188022 4395.993 435.3883 22886.4 1.760275e-05 6.412652e-07 5.290178e-05 19933.84 947.9156 85705.73 3.632432e-05 3.151715e-06 8.895966e-05 3182.798 555.8722 16975.27
SET33/REP_5 21.88 5e-04 0.01 0.0005221129 0.9821587 0.0005343617 0.0003352562 0.0007563849 118.3598 76.70768 184.789 5.26052e-05 2.803745e-06 0.0001366413 3372.299 436.2473 21417.29 2.109883e-05 5.280322e-07 7.207945e-05 13936.95 788.5685 112087.5 2.179574e-05 6.562436e-07 6.484216e-05 13176.64 902.9566 94198.96 2.494801e-05 1.805253e-07 7.881862e-05 126738.9 752.5506 338038.4 4.989595e-05 2.909464e-06 0.0001443215 3605.432 411.8428 19764.97
SET33/REP_6 18.79 5e-04 0.01 0.0005305683 0.9829419 0.0006842987 0.0005055276 0.000874527 77.37995 59.3144 103.29 7.862248e-06 3.16655e-07 2.85603e-05 28406.64 1759.446 164594.4 4.317681e-05 2.568823e-06 0.0001125169 4487.556 436.8322 19270.44 3.938179e-05 5.799524e-06 9.771377e-05 2180.281 508.5666 8605.671 2.502305e-05 2.75925e-07 7.021543e-05 40087.33 695.8261 190025.1 3.276689e-05 4.582246e-06 8.043222e-05 2748.865 629.5891 10829.82
SET33/REP_7 17.2 5e-04 0.01 0.0005336187 0.9876808 0.0006977318 0.0005455312 0.0008564655 76.47528 61.19661 96.89073 8.116007e-05 1.502215e-05 0.0001873145 1045.103 287.8102 3622.319 0.0001965998 7.482158e-05 0.0003203075 325.3963 168.6118 710.6092 7.397076e-05 1.165975e-05 0.0001636092 1257.951 332.6316 4881.106 5.418933e-05 1.372271e-06 0.0001612654 5838.596 331.4999 40010.11 6.233444e-05 1.961629e-06 0.0001678243 3562.139 317.3139 28737.21
SET33/REP_8 21.48 5e-04 0.01 0.0005251308 0.9911564 0.0005749276 0.0004109011 0.0007423787 89.45244 68.56021 119.5551 7.9542e-06 3.126235e-07 2.928165e-05 35142.17 1665.649 153966.8 3.631221e-05 1.716416e-06 9.628674e-05 4645.308 496.0302 28092.62 1.672546e-05 6.003336e-07 5.582561e-05 11557.64 856.8175 81203.13 2.615482e-05 1.807924e-06 6.976964e-05 6284.988 694.4878 27261.49 1.543195e-05 8.83224e-07 4.312374e-05 9698.601 1122.478 56625.91
SET33/REP_9 20.95 5e-04 0.01 0.000544749 0.9589421 0.0005227848 0.0003620733 0.0006934307 100.4238 73.00523 140.3825 4.65357e-05 4.719725e-06 0.0001136623 2289.362 425.0113 10437.38 9.09417e-06 2.807023e-07 3.138827e-05 27659.65 1537.529 177228.7 2.715961e-05 7.071418e-07 8.013984e-05 8294.538 599.7464 68147.11 2.478895e-05 2.019584e-06 6.727736e-05 5028.601 715.2547 24058.85 8.770988e-05 3.215537e-05 0.000149786 670.7332 319.1923 1588.386
SET34/REP_1 4.96 5e-04 0.1 0.002394397 0.5269557 0.002563899 0.001688502 0.003596921 21.74551 15.48131 30.83889 0.0001485333 8.813228e-06 0.0003703242 1018.523 137.9394 5816.585 0.0002047338 1.706791e-05 0.0005168845 618.3438 97.19388 2832.909 5.981756e-05 2.102424e-06 0.0001922677 3641.32 266.5263 24187.99 0.0001249708 7.128846e-06 0.0003921626 1316.926 128.5273 7144.607 0.0002108863 8.593477e-06 0.0005338507 2017.903 97.4189 6117.891
SET34/REP_10 3.53 5e-04 0.1 0.002792517 0.486967 0.002420181 0.001487493 0.003578054 23.3437 15.35 35.76561 7.1745e-05 2.711177e-06 0.0002513948 3403.439 201.2016 18167.17 0.0001976011 2.583776e-06 0.000572043 4492.531 87.62584 18958.65 0.0001159697 7.649742e-06 0.0003558275 1301.054 139.0105 6588.202 0.0001230735 8.252822e-06 0.0003368691 1156.945 144.5898 5981.404 0.0002584575 1.648383e-05 0.0005618301 553.9996 85.61288 3051.612
SET34/REP_2 3.22 5e-04 0.1 0.003598135 0.2687485 0.001634124 0.0008948032 0.002469273 34.44014 21.32933 58.84026 0.0001421812 8.441328e-06 0.0003967612 1036.281 130.3531 6227.248 9.275364e-05 2.961836e-06 0.0002643553 2751.837 190.9559 17818.09 0.000236109 1.947481e-05 0.0005238574 488.9169 98.39271 2597.762 0.0001769082 6.35913e-06 0.0004492891 1260.706 115.7046 8139.27 6.263974e-05 2.885216e-06 0.0001807813 3557.062 281.2559 18209.09
SET34/REP_3 4.2 5e-04 0.1 0.001999325 0.2961042 0.001583236 0.0006416737 0.002767085 40.02074 20.21555 82.91126 0.0003895989 6.082187e-05 0.0007840115 228.8758 64.99037 861.7022 9.603733e-05 2.10697e-06 0.000260747 4049.534 194.3985 25163.73 6.053449e-05 1.725465e-06 0.0002095107 4509.689 244.1939 29703.73 7.249092e-05 5.532295e-06 0.0002181101 1891.768 238.6305 9146.836 9.083866e-05 3.795495e-06 0.0002759591 2928.395 187.9596 13863.56
SET34/REP_4 4.84 5e-04 0.1 0.004243108 0.4335755 0.001336554 0.0006541972 0.002078586 43.46967 26.58077 79.13597 0.0001368753 6.399192e-06 0.0004273301 1241.061 123.7606 8299.612 0.0003308715 2.669128e-05 0.0006921824 458.5792 74.73265 2009.804 0.0001103673 7.050406e-06 0.000308478 1274.587 169.4973 7643.387 0.0002593679 4.506832e-06 0.0006300332 1642.214 82.87261 11444.55 0.0001053068 1.551843e-06 0.0003435623 4556.524 149.9952 33436.28
SET34/REP_5 4.65 5e-04 0.1 0.003656926 0.5412838 0.001513398 0.0007674334 0.002256124 39.92231 24.97581 71.8373 7.950434e-05 3.274081e-06 0.0002411788 2386.252 229.0443 16530.21 0.0001124332 2.360617e-06 0.0003158036 3767.653 176.3656 23403.84 0.0001552951 1.141329e-05 0.0004049429 862.9371 135.4286 4809.783 8.790902e-05 5.669668e-06 0.0002498353 1876.362 218.4958 9890.736 0.0002280811 2.454342e-05 0.0005080457 472.1319 107.2503 2214.751
SET34/REP_6 4.46 5e-04 0.1 0.00107328 0.3510205 0.001913679 0.001191823 0.002756049 29.25498 19.36517 45.22639 0.0001888775 1.261051e-05 0.0004174516 979.9852 119.4612 4066.031 4.350948e-05 5.437319e-07 0.0001495058 9676.809 335.902 96892.46 0.0003423235 3.255223e-05 0.0007185897 350.9414 70.4276 1609.911 4.513671e-05 2.477804e-06 0.0001540123 3693.741 326.8036 21216.15 0.0001298719 3.949441e-06 0.0003883208 2063.124 127.6236 13004.07
SET34/REP_7 2.64 5e-04 0.1 0.002400194 0.4368343 0.002247358 0.001221319 0.003440337 28.50119 16.81448 49.06138 0.0002197156 1.099322e-05 0.0005704389 915.5575 96.97747 4998.48 0.000218816 1.195247e-05 0.0005449726 706.0461 97.57117 4553.176 0.000159381 4.09421e-06 0.000457664 1575.996 119.0627 13952.45 0.0003961451 6.273869e-05 0.0007756834 238.8878 68.88053 938.1854 9.080745e-05 7.782025e-07 0.0002822168 10642.56 196.566 72233.02
SET34/REP_8 4.5 5e-04 0.1 0.0013959 0.5628354 0.002032611 0.001277347 0.002970457 27.34829 18.52969 40.21128 0.0001105016 3.933288e-06 0.0002947984 1568.494 166.1453 12798.73 6.856496e-05 1.230011e-06 0.0002082653 7392.001 237.5524 39718.54 0.0001831617 2.138193e-05 0.0003749283 483.9782 128.2742 2263.284 0.0001528805 6.386405e-06 0.0003519397 1188.172 136.4425 7632.061 5.992914e-05 1.346633e-06 0.0002035902 4647.443 240.2991 36904.41
SET34/REP_9 3.9 5e-04 0.1 0.002449459 0.4278967 0.001829307 0.001092575 0.002592154 29.77759 20.03276 46.78356 0.0001393987 8.073612e-06 0.000355611 1000.178 138.5283 5927.715 9.09177e-05 7.106345e-06 0.0002492035 1380.048 198.6489 6835.29 0.0001732792 1.452815e-05 0.0004274255 730.9503 115.1832 3407.57 0.0004870083 9.102575e-05 0.0009624859 146.6403 51.9776 543.6353 0.0001772408 1.406627e-05 0.0004542139 796.112 109.0538 3539.632
SET35/REP_1 14.72 5e-04 0.1 0.0006745837 0.2913145 0.001010025 0.000483081 0.001629551 60.17067 36.23882 108.3921 2.987067e-05 8.373071e-07 8.430056e-05 7990.94 594.4581 60512.93 5.616858e-05 2.501462e-06 0.0001602127 3868.571 315.3079 19951.8 8.776607e-05 1.514018e-07 0.0002398489 33541.78 209.7262 321889.3 0.0001345102 1.159483e-05 0.0002767699 827.1506 181.386 4303.792 0.0001371705 2.034919e-05 0.0002632897 680.8606 189.7735 2443.006
SET35/REP_10 13.76 5e-04 0.1 0.001099908 0.6738484 0.0009970407 0.0006266512 0.001443965 57.91122 40.31856 85.59927 0.0001247123 2.812442e-05 0.0002412897 579.7992 210.2357 1813.361 8.413343e-05 1.058531e-05 0.0001817773 1030.518 279.8861 4933.76 5.402405e-05 3.935061e-06 0.0001402128 2526.491 357.3369 12827.94 4.80867e-05 2.745712e-06 0.000138434 7626.24 367.5128 18553.06 7.868442e-05 7.451943e-06 0.0001938088 2438.557 262.7932 6681.583
SET35/REP_2 12.3 5e-04 0.1 0.0007696596 0.5648628 0.0007288785 0.0003710995 0.00113751 72.63039 44.45323 130.5367 0.0001590692 1.052541e-05 0.0003722448 727.1116 125.4687 4438.088 5.423113e-05 3.364135e-06 0.0001581219 2404.541 292.1532 13879.3 4.453094e-05 6.716462e-07 0.0001369319 18197.12 335.6655 68162.21 4.128944e-05 1.144964e-06 0.0001270394 6317.29 362.8288 41638.68 0.0001250611 8.162121e-06 0.000281939 1023.262 164.2849 5662.266
SET35/REP_3 9.57 5e-04 0.1 0.001468063 0.3936574 0.001164339 0.0007462621 0.001665079 46.62403 31.53186 69.41327 3.026887e-05 7.042459e-07 0.0001127523 12995.73 445.2601 71783.44 0.0001242142 1.501616e-05 0.0003043975 778.8107 163.9803 3377.7 9.862979e-05 8.190622e-06 0.000255126 1134.008 191.1871 6152.956 9.495749e-05 2.674124e-06 0.0002712177 2940.863 182.9264 19654.41 3.942004e-05 9.353121e-07 0.0001316674 8900.162 382.0685 53419.51
SET35/REP_4 6.72 5e-04 0.1 0.001140332 0.520628 0.001172913 0.0007570266 0.001600659 50.8779 35.95787 76.48965 8.028023e-05 1.688997e-06 0.0002727537 5299.57 202.2094 33185.04 8.020695e-05 4.540467e-06 0.0002565183 2885.713 219.0286 12472.19 6.615115e-05 1.670403e-06 0.0002050979 9231.654 271.3268 33980.8 6.008386e-05 2.864125e-06 0.0001737127 6102.178 322.8654 19319.52 0.0001138424 1.49215e-06 0.0003141714 19698.37 174.3736 37603.68
SET35/REP_5 10.72 5e-04 0.1 0.0008742276 0.5668714 0.001073914 0.000702011 0.001504304 48.17817 32.26707 71.36626 2.917334e-05 1.261674e-06 0.0001046999 6663.343 454.5977 38384.49 1.894934e-05 7.094451e-07 6.485575e-05 15933.88 718.7156 66960.17 0.0001120058 7.906322e-06 0.0002707928 1139.11 176.2545 6230.608 4.564301e-05 1.329504e-06 0.0001402754 5519.481 341.6481 35380.71 6.949226e-05 3.177752e-06 0.0002001393 2854.571 242.5768 15675.21
SET35/REP_6 8.48 5e-04 0.1 0.002688615 0.5152543 0.001063591 0.0005559512 0.001676963 54.09947 32.18423 94.36099 5.48444e-05 1.479379e-06 0.0001586345 4377.079 322.8226 34438.71 4.220291e-05 2.554359e-06 0.0001414919 3996.65 356.792 20050.16 2.950823e-05 1.287733e-06 0.000104598 6643.786 490.1461 39250.35 0.0001601551 1.149552e-05 0.0003463108 735.4338 146.3257 4345.791 0.0001501573 5.245942e-06 0.0004351543 1349.62 116.2021 9742.193
SET35/REP_7 7.9 5e-04 0.1 0.001404453 0.293842 0.001277073 0.0006365426 0.002010298 43.92709 26.46059 78.93164 0.0001393434 9.336712e-06 0.0003489466 947.2777 137.0885 5044.511 0.0001043372 6.391679e-06 0.0002689444 1945.36 173.6146 7474.128 8.320286e-05 5.012421e-06 0.0002392934 1791.715 199.7995 9653.511 6.16272e-05 1.865809e-06 0.0001817325 3292.465 262.2315 25627.87 0.0002082306 2.055765e-05 0.0004611275 461.2891 103.9822 2370.938
SET35/REP_8 11.11 5e-04 0.1 0.002023346 0.4040476 0.0007469444 0.0003089681 0.001335393 78.17518 40.35861 160.1378 2.606263e-05 3.82652e-07 8.757411e-05 23126.38 532.9498 118332.9 0.0001086403 1.080311e-05 0.0002553226 938.768 187.5096 4536.522 0.0001181736 9.717466e-06 0.0002876769 875.7458 169.0547 4825.341 4.304603e-05 1.087705e-06 0.0001498127 5963.353 317.5176 44104.8 0.0001431655 1.880704e-05 0.0002920518 559.8823 166.5506 2571.731
SET35/REP_9 6.66 5e-04 0.1 0.001190203 0.5325764 0.001421489 0.0008665296 0.002068485 39.24962 25.21932 62.26229 2.887667e-05 6.032427e-07 0.0001054586 11783.97 482.5329 84001.02 0.0001364492 1.431716e-05 0.0002769388 1377.682 180.4283 3586.371 0.000270968 5.0261e-05 0.0005405376 325.5725 94.8025 1024.812 0.0001531275 1.264118e-05 0.0003600753 747.1113 143.6908 4086.15 0.000170349 8.430979e-06 0.0003725776 1545.613 136.9716 6209.382
SET36/REP_1 19.63 5e-04 0.1 0.0008219406 0.7255768 0.0005516893 0.0004075163 0.0007036075 86.8008 66.96675 115.0068 1.284356e-05 3.282198e-07 4.273621e-05 28400 1107.474 143117.6 1.524649e-05 5.824009e-07 4.76941e-05 12476.71 990.9758 81800.96 1.841834e-05 1.089101e-06 5.783456e-05 7919.054 811.9775 44027.59 2.86683e-05 1.432216e-06 8.710559e-05 5489.623 551.924 32481.26 0.0001096229 1.712685e-05 0.0002247511 693.2089 212.9924 2718.894
SET36/REP_10 28.17 5e-04 0.1 0.0008461557 0.6751031 0.0006106419 0.0004302223 0.0007882547 91.56717 70.28034 124.2853 1.764605e-05 6.887891e-07 5.883234e-05 11606.98 909.0564 78415.34 2.052959e-05 9.571332e-07 6.540987e-05 11335.96 804.344 57390.03 9.806073e-06 3.755805e-07 3.333984e-05 19921.28 1622.258 140683.6 1.672752e-05 1.049231e-06 4.855478e-05 8531.299 1091.608 50769.01 1.098877e-05 5.577679e-07 3.604631e-05 17911.85 1466.589 95424.6
SET36/REP_2 22.54 5e-04 0.1 0.0009035788 0.8029741 0.0005714286 0.0004223957 0.0007377556 93.10264 71.21766 123.1578 7.621338e-05 1.527285e-05 0.0001468825 974.5965 340.0938 3323.557 2.207383e-05 9.995529e-07 6.361686e-05 8572.25 827.1146 52824.77 6.005369e-05 6.985429e-06 0.0001413685 1981.932 369.8267 7476.578 2.698804e-05 6.295232e-07 7.437417e-05 11318.53 669.3914 79642.3 3.007502e-05 2.453901e-06 8.151127e-05 4075.272 635.4728 21062.93
SET36/REP_3 29.11 5e-04 0.1 0.0006109842 0.9208272 0.0005332649 0.0003806732 0.0006954914 92.84333 71.36419 125.7474 3.07828e-05 8.542156e-07 7.901207e-05 7200.201 577.8386 52712.44 8.03507e-06 2.523526e-07 2.477357e-05 32425.68 1794.673 176492.5 1.495539e-05 5.884163e-07 4.232527e-05 10820.49 1062.929 75744.52 8.739281e-06 3.317317e-07 2.836196e-05 32614.72 1576.928 137896.7 2.247368e-05 5.966657e-07 6.73272e-05 11418.87 643.0709 74441.11
SET36/REP_4 23.83 5e-04 0.1 0.0007621456 0.8290115 0.0006840952 0.0005280946 0.0008540913 73.16863 58.39647 93.63913 3.311048e-05 7.252551e-07 9.366237e-05 9085.367 529.7603 64878.89 1.882641e-05 7.665268e-07 5.67159e-05 13145.93 848.3757 64142.4 4.065339e-05 6.270137e-06 8.684144e-05 2062.124 525.5287 7561.28 2.437859e-05 1.15036e-06 6.88803e-05 6861.151 683.5528 41729.42 2.294744e-05 8.878561e-07 6.391293e-05 8832.031 746.8176 58675.04
SET36/REP_5 19.42 5e-04 0.1 0.0009164763 0.8004685 0.0005636256 0.000420062 0.0007180114 84.21563 64.04074 111.7777 3.669848e-05 4.895388e-06 9.193089e-05 2199.944 474.5566 9569.335 1.412013e-05 4.053785e-07 4.692172e-05 15164.36 923.822 108020.2 1.004458e-05 2.832728e-07 3.468094e-05 24527.66 1272.771 158468.4 4.920971e-05 6.123073e-06 0.0001119075 1661.494 391.5151 7450.146 2.176302e-05 6.613369e-07 6.303015e-05 10838.01 718.5661 71595.84
SET36/REP_6 19.64 5e-04 0.1 0.0005420208 0.9101983 0.0005015188 0.0003624237 0.0006438961 95.63906 72.26015 129.5834 4.783108e-05 3.716751e-06 0.0001011784 2558.421 443.0383 12565.38 1.800052e-05 8.672294e-07 5.003382e-05 9007.294 885.2016 52356.83 3.822979e-05 1.977341e-06 9.796742e-05 4127.133 462.9214 22890.27 9.982598e-06 3.829629e-07 3.192594e-05 21208.55 1419.229 122678.2 1.164062e-05 8.906367e-07 3.725091e-05 10980.5 1200.478 52434.9
SET36/REP_7 17.09 5e-04 0.1 0.0007161224 0.5997395 0.0007501113 0.0005504209 0.0009619083 73.99084 56.08529 98.69867 7.033226e-05 3.978525e-06 0.0001935348 2234.468 290.404 13661.29 2.295192e-05 8.243717e-07 6.936163e-05 15391.69 818.5869 66588.24 7.245621e-05 8.512675e-06 0.0001601012 1437.277 332.8666 6307.238 4.899383e-05 3.841542e-06 0.0001207456 4465.532 451.8875 13673.64 3.91756e-05 8.543326e-07 0.0001181762 9313.264 470.5193 61530.16
SET36/REP_8 29.19 5e-04 0.1 0.0009989204 0.7414022 0.0006451376 0.000456228 0.000847353 88.76942 67.75412 122.1855 0.000100888 1.066569e-05 0.000209801 979.9443 261.9271 5259.904 4.831495e-05 2.343163e-06 0.0001404857 3633.698 386.9457 22772.15 8.776088e-05 9.230373e-06 0.0001869135 1258.922 281.7231 5799.068 6.633677e-05 5.372234e-06 0.0001519353 1946.433 360.8273 10718.1 3.210629e-05 1.881751e-06 9.308346e-05 5097.813 592.586 30485.63
SET36/REP_9 29.59 5e-04 0.1 0.0007193166 0.7573492 0.0006223768 0.0004814433 0.0007720703 91.52135 73.00777 116.7027 1.550562e-05 4.777837e-07 4.810842e-05 15362.41 1122.68 117313.7 2.629729e-05 2.383229e-06 5.983268e-05 4328.134 882.759 23747.83 6.231781e-06 2.000919e-07 1.99555e-05 40406.59 2737.13 274853.9 9.805035e-06 7.706214e-08 3.000356e-05 79605.3 1749.748 712825.5 2.050587e-05 3.270948e-07 6.692253e-05 200685.9 812.0079 163167.8
